nTransaction,ms
20,1041.9348919987679
30,887.9122909903526
40,886.075630992651
50,875.5724009871483
60,864.4272439777851
70,876.453321993351
80,868.6636309921741
90,862.1297610104084
100,865.9866530001163
110,857.3101600110531
120,864.3033879995346
130,878.0715599954128
140,872.8613300025463
150,859.6671569943428
160,860.6621930003166
170,889.2556349933147
180,872.0182639956474
190,859.232981979847
200,875.685182005167
210,875.9678649902344
220,864.0863710045815
230,862.9720939993858
240,869.072870016098
250,865.9077959954739
260,882.583075016737
270,864.9931349754333
280,873.5531149804592
290,876.5505740046501
300,874.0554260015488
310,862.8766129910946
320,868.2652859985828
330,878.3632690012455
340,873.9075669944286
350,902.0047329962254
360,861.7444950044155
370,888.2783230245113
380,876.9385470151901
390,896.9555289745331
400,900.5895110070705
410,876.0887799859047
420,888.153588026762
430,872.2421820163727
440,890.2131659984589
450,891.268287986517
460,887.6181919872761
470,884.0816790163517
480,895.8339299857616
490,908.7850730121136
500,890.4332019984722
510,888.1601060032845
520,889.3894109725952
530,897.7307739853859
540,913.9620540142059
550,904.8328399956226
560,894.098760008812
570,914.3444280028343
580,905.9431009888649
590,895.0618800222874
600,919.2382899820805
610,905.1216620206833
620,898.023598998785
630,908.4642880260944
640,902.0797460079193
650,916.5628260076046
660,913.1581279933453
670,906.9389059841633
680,928.3158879876137
690,905.4457010030746
700,920.2716799974442
710,923.072546005249
720,912.9739370048046
730,926.4230569899082
740,915.4344830214977
750,923.8018650114536
760,921.3644079864025
770,920.754106014967
780,915.9507380127907
790,927.0533289909363
800,920.8943070173264
810,948.1441940069199
820,918.2082419991493
830,935.2949550151825
840,923.0159900188446
850,921.0197660028934
860,957.5798159837723
870,940.0902889966965
880,929.6899629831314
890,935.1174599826336
900,953.2863890230656
910,945.903185993433
920,951.0321419835091
930,942.4248059988022
940,936.4843609929085
950,947.2165500223637
960,948.3217220008373
970,933.7951169908047
980,949.6206469833851
990,941.0956420004368
1000,935.491367995739
1010,956.4040000140667
1020,960.2451019883156
1030,960.3433589935303
1040,952.9507380127907
1050,949.5715479850769
1060,958.3625719845295
1070,959.2421489953995
1080,953.0851880013943
1090,955.6633280217648
1100,953.7059830129147
1110,958.4766049981117
1120,979.7991999983788
1130,967.6602959930897
1140,961.868232011795
1150,960.7911619842052
1160,967.6046580076218
1170,958.1922940015793
1180,969.0373319983482
1190,976.9949240088463
1200,977.1144619882107
1210,965.9297360181808
1220,976.0102680027485
1230,980.2821810245514
1240,972.3459659814835
1250,983.0812409818172
1260,978.280257999897
1270,965.2966060042381
1280,987.7536370158195
1290,976.4763319790363
1300,1004.9309159815311
1310,979.1648570001125
1320,988.8023769855499
1330,980.7568440139294
1340,990.7907649874687
1350,982.6710189878941
1360,981.9642139971256
1370,985.9247130155563
1380,988.3042089939117
1390,985.2725290060043
1400,995.5998239815235
1410,1004.5872839987278
1420,1004.9433289766312
1430,994.3462390005589
1440,1022.1298649907112
1450,992.0958479940891
1460,1002.3646949827671
1470,994.2903420031071
1480,1005.6170519888401
1490,981.8024800121784
1500,948.6862469911575
1510,1013.2876679897308
1520,1016.2091220021248
1530,1005.7715239822865
1540,1023.3391959965229
1550,1008.1108129918575
1560,1009.1388469934464
1570,1029.7136699855328
1580,1008.1461130082607
1590,1020.7432380020618
1600,1023.6571300029755
1610,1022.1626519858837
1620,1042.536444991827
1630,1022.6857690215111
1640,1038.8225000202656
1650,1031.0452759861946
1660,1023.1756770014763
1670,1026.8474830091
1680,984.1866120100021
1690,982.5631359815598
1700,1017.7911979854107
1710,1011.4167679846287
1720,977.2551269829273
1730,1042.3412330150604
1740,1021.1450589895248
1750,1008.2385529875755
1760,979.0609399974346
1770,1024.7919410169125
1780,1041.4393700063229
1790,991.5561829805374
1800,1049.6728599965572
1810,1033.731320977211
1820,1057.0751029849052
1830,1027.1996679902077
1840,975.5136920213699
1850,1046.62311398983
1860,1044.918360978365
1870,1054.6133190095425
1880,970.6960769891739
1890,1061.7045029997826
1900,1063.7043679952621
1910,1042.0116699934006
1920,1010.4699630141258
1930,1041.3473889827728
1940,1065.1568289995193
1950,983.3185180127621
1960,1066.5529140233994
1970,1068.1948219835758
1980,1066.9837850034237
1990,1052.6808280050755
2000,1008.7317180037498
2010,1046.0146040022373
2020,1073.70513099432
2030,1055.1177349984646
2040,998.8278540074825
2050,1081.4407530128956
2060,1053.724763005972
2070,1070.6004039943218
2080,1040.447248995304
2090,1019.065131008625
2100,1075.91584700346
2110,994.9456939995289
2120,1092.491772979498
2130,1077.1229420006275
2140,1093.0657060146332
2150,1058.1625509858131
2160,1001.9495570063591
2170,1085.5599739849567
2180,1096.599996984005
2190,994.6769129931927
2200,1103.433780014515
2210,1086.595575004816
2220,1081.3228689730167
2230,1058.0419829785824
2240,1034.9144879877567
2250,1092.0154740214348
2260,1030.4945880174637
2270,1114.8583660125732
2280,1093.684634000063
2290,1085.3916220068932
2300,1094.952419012785
2310,1016.204959988594
2320,1114.7092939913273
2330,1103.6788490116596
2340,1045.709006011486
2350,1064.5978630185127
2360,1084.1441949903965
2370,1060.1148290038109
2380,1112.4328060150146
2390,1090.4162499904633
2400,1094.1658639907837
2410,1075.0129660069942
2420,1067.4846539795399
2430,1017.3348949849606
2440,1108.7421909868717
2450,1032.0758990049362
2460,1116.2867740094662
2470,1115.1994990110397
2480,1063.4970539808273
2490,1066.3367799818516
2500,1113.5590620040894
2510,1035.580003976822
2520,1141.1313659846783
2530,1119.406350016594
2540,1092.5128659904003
2550,1085.5343210101128
2560,1129.902652978897
2570,1141.442793995142
2580,1135.7707670032978
2590,1046.822592973709
2600,1147.1751810014248
2610,1124.7322020232677
2620,1045.1715349853039
2630,1153.3980700075626
2640,1142.821711987257
2650,1048.5998690128326
2660,1156.606054008007
2670,1091.8189959824085
2680,1114.2632780075073
2690,1151.881733983755
2700,1119.991925984621
2710,1085.1265490055084
2720,1152.1319909989834
2730,1064.4114300012589
2740,1155.0206959843636
2750,1150.7804600000381
2760,1165.9630469977856
2770,1095.8959610164165
2780,1144.9932129979134
2790,1156.8093860149384
2800,1074.405369013548
2810,1172.0817449986935
2820,1149.2414390146732
2830,1079.8755939900875
2840,1169.2926200032234
2850,1187.0731810033321
2860,1141.9928019940853
2870,1086.2988120019436
2880,1165.0582599937916
2890,1176.657752007246
2900,1070.2281939983368
2910,1190.1572349965572
2920,1184.7583680152893
2930,1196.721650004387
2940,1078.45247900486
2950,1157.7534129917622
2960,1175.3457530140877
2970,1086.491925984621
2980,1185.2393150031567
2990,1175.8238210082054
3000,1084.8550050258636
3010,1199.6393280029297
3020,1181.7359060049057
3030,1175.8463340103626
3040,1109.2282230257988
3050,1089.460895985365
3060,1201.9670070111752
3070,1197.0625860095024
3080,1089.8652929961681
3090,1203.088438987732
3100,1114.841271996498
3110,1221.916156977415
3120,1210.0197350084782
3130,1097.8155080080032
3140,1209.5319020152092
3150,1145.7479160130024
3160,1150.3441249728203
3170,1090.2712709903717
3180,1208.9963679909706
3190,1238.942853987217
3200,1082.4457310140133
3210,1210.5323169827461
3220,1114.0034850239754
3230,1224.8525000214577
3240,3486.1619690060616
3250,1600.3449089825153
3260,1484.2431479990482
3270,1640.4710319936275
3280,1651.2644450068474
3290,1474.3166980147362
3300,1575.664398998022
3310,1591.0806359946728
3320,1484.5420809984207
3330,1597.5456109941006
3340,1639.4455139935017
3350,1517.8860569894314
3360,1639.8117779791355
3370,1535.0751480162144
3380,1503.340315014124
3390,1759.587601006031
3400,1625.3219729959965
3410,1491.82530900836
3420,1597.8161349892616
3430,1512.8516199886799
3440,1644.3663649857044
3450,1526.4640339910984
3460,1501.0154819786549
3470,1736.397392988205
3480,1543.7093899846077
3490,1507.5056329965591
3500,1639.9558709859848
3510,1680.6810840070248
3520,1463.8794629871845
3530,1609.6884469985962
3540,1592.5919909775257
3550,1508.998066008091
3560,1543.4861019849777
3570,1601.904697984457
3580,1691.8245429992676
3590,1572.6953999996185
3600,1634.1428200006485
3610,1560.282626003027
3620,1660.535443007946
3630,1551.5861069858074
3640,1685.1719480156898
3650,1723.1988039910793
3660,1621.0602180063725
3670,1518.7273020148277
3680,1487.237439006567
3690,1675.3627629876137
3700,1665.1916489899158
3710,1638.5200819969177
3720,1529.326673001051
3730,1678.3569989800453
3740,1704.827545017004
3750,1541.8993200063705
3760,1696.2543709874153
3770,1645.3939599990845
3780,1662.2809870243073
3790,1558.3141460120678
3800,1490.1282790005207
3810,1665.1256240010262
3820,1698.3705430030823
3830,1707.190041989088
3840,1532.1864669919014
3850,1687.8319419920444
3860,1577.1687859892845
3870,1583.5085379779339
3880,1708.20188498497
3890,1656.095991998911
3900,1574.1102040112019
3910,1760.7870009839535
3920,1543.7201919853687
3930,1687.666707009077
3940,1676.3304949998856
3950,1687.8639559745789
3960,1570.1049500107765
3970,1662.8983439803123
3980,1685.3582890033722
3990,1703.5360810160637
4000,1591.7772859930992
4010,1699.453431993723
4020,1548.9381009936333
4030,1695.4166720211506
4040,1581.5469830036163
4050,1657.3048520088196
4060,1654.189040005207
4070,1543.818560987711
4080,1772.3882160186768
4090,1795.1414460241795
4100,1598.6498210132122
4110,1628.507378011942
4120,1734.2712819874287
4130,1740.428001999855
4140,1614.8339579999447
4150,1722.555676996708
4160,1592.0392090082169
4170,1692.8874219954014
4180,1791.320503026247
4190,1608.0169230103493
4200,1728.2637090086937
4210,1576.9310779869556
4220,1789.2034119963646
4230,1832.9569690227509
4240,1739.1971789896488
4250,1624.2544910013676
4260,1646.085697978735
4270,1768.9626669883728
4280,1659.7675229907036
4290,1807.5912310183048
4300,1843.5786139965057
4310,1763.611660003662
4320,1629.8377200067043
4330,1792.3823110163212
4340,1796.6869089901447
4350,1648.5280080139637
4360,1816.428649008274
4370,1653.8869889974594
4380,1813.058789998293
4390,1612.1824330091476
4400,1762.119307011366
4410,1640.7177990078926
4420,1836.0798290073872
4430,1644.7977550029755
4440,1800.2553569972515
4450,1678.349996984005
4460,1829.9646870195866
4470,1638.9582260251045
4480,1851.6071630120277
4490,1827.487302005291
4500,1634.151537001133
4510,1840.8686360120773
4520,1637.773126989603
4530,1651.5818699896336
4540,1848.4723109900951
4550,1642.8545269966125
4560,1793.7380020022392
4570,1673.491119980812
4580,1822.584500014782
4590,1696.5669299960136
4600,1809.557985007763
4610,1806.468042999506
4620,1860.6937890052795
4630,1630.123535990715
4640,1822.78305798769
4650,1734.8744159936905
4660,1670.5127789974213
4670,1791.0227639973164
4680,1642.6766719818115
4690,1880.5666950047016
4700,1727.472503989935
4710,1859.5626299977303
4720,1738.7583659887314
4730,1672.6860149800777
4740,1836.1047250032425
4750,1718.4188480079174
4760,1896.9619629979134
4770,1895.0356299877167
4780,1714.172569990158
4790,1704.1064930260181
4800,1898.576041996479
4810,1744.2304610013962
4820,1865.4522610008717
4830,1917.3033169806004
4840,1717.9888100028038
4850,1884.3361580073833
4860,1674.125834017992
4870,1859.0532910227776
4880,1665.9074949920177
4890,1864.7262309789658
4900,1745.5451999902725
4910,1691.1434880197048
4920,1874.3371949791908
4930,1902.2401710152626
4940,1762.250020980835
4950,1725.755409002304
4960,1931.8166199922562
4970,1850.9618319869041
4980,1702.0840339958668
4990,1752.9967060089111
5000,1961.630703985691
5010,1763.8032829761505
5020,1916.4275269806385
5030,1881.9341969788074
5040,1751.0208730101585
5050,1765.9137339890003
5060,1952.416220009327
5070,1784.1306110024452
5080,1894.2321619987488
5090,1748.511546999216
5100,1874.6188159883022
5110,1734.5681029856205
5120,1836.0840580165386
5130,1802.0221340060234
5140,1918.7299519777298
5150,1691.9023739993572
5160,1735.4306479990482
5170,1938.0649270117283
5180,1762.13656899333
5190,1764.8824549913406
5200,1975.2111169993877
5210,1751.0401270091534
5220,1751.1513960063457
5230,1976.7552260160446
5240,1767.0736400187016
5250,1964.2786000072956
5260,1760.0019039809704
5270,1745.8332459926605
5280,1966.0435220003128
5290,1789.491916000843
5300,1958.7475770115852
5310,1732.6745150089264
5320,1788.1143420040607
5330,1994.7960380017757
5340,1756.4055729806423
5350,1964.1875079870224
5360,1910.4614790081978
5370,1766.399372011423
5380,1811.1922969818115
5390,1923.5184170007706
5400,1741.092452019453
5410,1963.42504799366
5420,1856.0158399939537
5430,1828.1779009997845
5440,1967.1951740086079
5450,1811.5629859864712
5460,1999.1738010048866
5470,1779.7612340152264
5480,1781.3815889954567
5490,2012.1036019921303
5500,1832.8161740005016
5510,2043.5339860022068
5520,1803.652314990759
5530,1862.5741609930992
5540,2037.039339005947
5550,1840.653596997261
5560,1776.1311860084534
5570,2046.9715809822083
5580,1789.5010650157928
5590,1978.509203016758
5600,1759.83687800169
5610,2028.4925119876862
5620,1838.821455001831
5630,1987.2874819934368
5640,1766.6484409868717
5650,1985.1275950074196
5660,1761.1476609706879
5670,2043.8990620076656
5680,1849.872630983591
5690,2010.9707089960575
5700,1805.082711994648
5710,1876.1013909876347
5720,2082.668912023306
5730,1843.0728219747543
5740,2064.2601280212402
5750,1818.2801379859447
5760,2050.674100011587
5770,1816.487920999527
5780,2033.1213430166245
5790,1860.230997979641
5800,2096.6722749769688
5810,1859.955833017826
5820,2053.032104998827
5830,1861.1812089979649
5840,1961.5076979994774
5850,2017.9221669733524
5860,1882.0958999991417
5870,1910.5390959978104
5880,2023.1447940170765
5890,1881.8487029969692
5900,1910.4470170140266
5910,2061.707547992468
5920,1939.6072640120983
5930,2008.9124790132046
5940,2089.6789689958096
5950,1922.120145022869
5960,2082.631633013487
5970,1912.0471340119839
5980,2132.1008819937706
5990,1914.3555639982224
6000,2040.6622079908848
6010,1882.0507019758224
6020,2077.9136509895325
6030,1902.1377889811993
6040,2103.5173749923706
6050,1920.3193869888783
6060,1893.3917469978333
6070,2036.0620349943638
6080,1898.2475100159645
6090,2110.705761998892
6100,2184.8768390119076
6110,2064.9403699934483
6120,1944.8088040053844
6130,2118.29816699028
6140,2025.8774000108242
6150,2110.8681160211563
6160,1937.9780160188675
6170,1861.9683720171452
6180,2075.0849019885063
6190,1835.5201990008354
6200,2140.483913987875
6210,1940.7181539833546
6220,2148.163923025131
6230,1985.201512992382
6240,2064.4264039993286
6250,1896.7189799845219
6260,1932.0311380028725
6270,2143.857762992382
6280,2121.116991996765
6290,2111.7413849830627
6300,2151.1500390172005
6310,2128.837145000696
6320,2113.672937989235
6330,1888.266094982624
6340,2163.7340160012245
6350,2128.5132780075073
6360,2064.249058008194
6370,2008.838937997818
6380,1916.3913459777832
6390,2115.66356998682
6400,1991.7394909858704
6410,1951.2631759941578
6420,1903.7343719899654
6430,1932.1322869956493
6440,1960.912682980299
6450,1981.0405360162258
6460,1964.2448869943619
6470,2093.1754989922047
6480,2022.8771080076694
6490,2221.8824959993362
6500,1960.2127590179443
6510,2165.3710850179195
6520,2206.5498920083046
6530,2029.098993986845
6540,2190.9067080020905
6550,1924.4233309924603
6560,2172.7807299792767
6570,1916.4750599861145
6580,2212.1000880002975
6590,1941.8667329847813
6600,1952.1460810005665
6610,2164.5482690036297
6620,2018.4503979980946
6630,2264.112209022045
6640,1927.9835949838161
6650,2173.7438809871674
6660,1988.622134000063
6670,2212.9671809971333
6680,2010.3492010235786
6690,1972.696191996336
6700,2235.790737003088
6710,2025.140038996935
6720,2225.593924999237
6730,2039.2400680184364
6740,2212.841179996729
6750,2060.355479001999
6760,2246.999189019203
6770,2128.7947950065136
6780,1998.8482260107994
6790,2180.0700709819794
6800,2000.565405011177
6810,1951.209372997284
6820,2273.51587498188
6830,2213.0802550017834
6840,2014.918535977602
6850,2156.9247539937496
6860,2309.4446890056133
6870,2049.580978989601
6880,2233.528822004795
6890,2225.987535983324
6900,1946.128790974617
6910,2196.814638018608
6920,2258.4277990162373
6930,1979.7845259904861
6940,2252.5701200067997
6950,1981.972362011671
6960,2084.567981004715
6970,2259.08578902483
6980,2078.5505660176277
6990,2306.1164590120316
7000,2060.7580139935017
7010,2218.1168189942837
7020,2007.510176986456
7030,2178.3865450024605
7040,2083.296662002802
7050,2238.514779984951
7060,2079.630629003048
7070,2202.217249006033
7080,2018.9304769933224
7090,2272.8218689858913
7100,2101.9956680238247
7110,2280.913746982813
7120,2058.910710990429
7130,2077.044441998005
7140,2047.7391540110111
7150,2316.42696800828
7160,2000.1363619863987
7170,2297.7777729928493
7180,2057.8963579833508
7190,2343.9408240020275
7200,2126.321651995182
7210,2083.598737001419
7220,2248.14918500185
7230,2058.503672003746
7240,2259.100111991167
7250,2121.574229001999
7260,2118.3817000091076
7270,2319.797978013754
7280,2055.0600430071354
7290,2271.0396389961243
7300,1981.0294989943504
7310,2311.4523280262947
7320,2068.6612190008163
7330,2370.0148099958897
7340,2192.364794999361
7350,2338.1427969932556
7360,2112.565607011318
7370,2309.1565429866314
7380,2045.7449730038643
7390,2371.7979090213776
7400,2090.4483799934387
7410,2298.672058016062
7420,2149.3504350185394
7430,2353.5434589982033
7440,2143.223590016365
7450,2361.1566100120544
7460,2082.5701899826527
7470,2359.211894005537
7480,2142.249419003725
7490,2390.927340000868
7500,2102.056785017252
7510,2307.9651850163937
7520,2139.011868983507
7530,2403.46119299531
7540,2195.6038089990616
7550,2369.863135010004
7560,2107.8133229911327
7570,2341.9250649809837
7580,2114.9470289945602
7590,2418.1657660007477
7600,2107.93079200387
7610,2345.8721149861813
7620,2069.0818780064583
7630,2392.731817007065
7640,2099.5014539957047
7650,2349.227191001177
7660,2119.9654189944267
7670,2374.7516650259495
7680,2132.5757499933243
7690,2397.272278010845
7700,2223.2257139980793
7710,2407.3856260180473
7720,2191.369015991688
7730,2399.8002340197563
7740,2140.8693540096283
7750,2476.155220001936
7760,2182.146044999361
7770,2166.4162270128727
7780,2441.9330609738827
7790,2201.068352997303
7800,2432.8529419898987
7810,2193.466340005398
7820,2291.914876997471
7830,2187.5177929997444
7840,2384.386754989624
7850,2136.7256749868393
7860,2392.4353379905224
7870,2184.1739549934864
7880,2382.3672100007534
7890,2185.4942539930344
7900,2192.0201280117035
7910,2418.682272017002
7920,2171.5023429989815
7930,2465.9195489883423
7940,2209.479627996683
7950,2463.2431479990482
7960,2181.7654509842396
7970,2444.6644119918346
7980,2213.566287010908
7990,2397.7754629850388
8000,2125.795090019703
8010,2072.9487810134888
8020,2483.2495099902153
8030,2133.142509996891
8040,2463.7062079906464
8050,2223.858324021101
8060,2439.4754099845886
8070,2156.4063799977303
8080,2434.288545012474
8090,2169.0390309989452
8100,2389.6354370117188
8110,2152.43730700016
8120,2422.2106209993362
8130,2226.87282499671
8140,2503.4490880072117
8150,2267.128145992756
8160,2519.1694380044937
8170,2097.1659429967403
8180,2409.2061220109463
8190,2274.714460015297
8200,2527.1929319798946
8210,2265.7646289765835
8220,2453.6834550201893
8230,2221.322073996067
8240,2221.9362410008907
8250,2385.2114459872246
8260,2293.7857739925385
8270,2467.0811200141907
8280,2231.461782991886
8290,2429.345599979162
8300,2216.7174610197544
8310,2482.3323909938335
8320,2162.6891739964485
8330,2478.2122380137444
8340,2222.1784660220146
8350,2474.8897010087967
8360,2308.7960390150547
8370,2416.5865640044212
8380,2242.9747709929943
8390,2510.536162018776
8400,2235.615563005209
8410,2508.355109989643
8420,2240.641341984272
8430,2538.229874998331
8440,2251.7711150050163
8450,2504.1291179955006
8460,2163.9291290044785
8470,2519.930249005556
8480,2315.2478480041027
8490,2492.5627599954605
8500,2287.328035980463
8510,2432.3697650134563
8520,2286.9801209867
8530,2547.352259993553
8540,2302.8736029863358
8550,2587.974450021982
8560,2373.7718749940395
8570,2231.9938369989395
8580,2520.4805719852448
8590,2221.8457520008087
8600,2540.494516015053
8610,2237.7846690118313
8620,2516.6088910102844
8630,2293.12158998847
8640,2497.895759999752
8650,2272.8436709940434
8660,2522.2200129926205
8670,2328.6991260051727
8680,2548.0631609857082
8690,2299.568116992712
8700,2537.042546004057
8710,2337.6181569993496
8720,2478.613945007324
8730,2247.329974025488
8740,2619.7704389989376
8750,2261.835211008787
8760,2530.818836003542
8770,2248.746154010296
8780,2531.887143999338
8790,2284.08318901062
8800,2575.927631020546
8810,2376.5984440147877
8820,2502.2592639923096
8830,2215.0190889835358
8840,2560.246701002121
8850,2316.299630999565
8860,2622.1727499961853
8870,2391.309217005968
8880,2565.9092929959297
8890,2348.643689006567
8900,2599.387066990137
8910,2276.490484982729
8920,2631.7574230134487
8930,2407.084695994854
8940,2656.4964359998703
8950,2361.525647997856
8960,2550.621888011694
8970,2362.0150029957294
8980,2620.4425149858
8990,2308.4811390042305
9000,2543.423088014126
9010,2367.737650990486
9020,2665.0552939772606
9030,2331.271896004677
9040,2704.38575899601
9050,2425.6191930174828
9060,2620.1480219960213
9070,2368.207751005888
9080,2287.8600569963455
9090,2595.960114002228
9100,2326.9160030186176
9110,2548.674964994192
9120,2313.1032460033894
9130,2618.97401997447
9140,2368.427228987217
9150,2620.373576015234
9160,2462.3014929890633
9170,2622.25136500597
9180,2401.0119599997997
9190,2630.5126710236073
9200,2337.3495180010796
9210,2628.177159011364
9220,2375.5299969911575
9230,2623.986121982336
9240,2394.6228609979153
9250,2642.5009439885616
9260,2470.17777299881
9270,2400.1263509988785
9280,2665.9742490053177
9290,2394.770947009325
9300,2717.9061599969864
9310,2394.8458040058613
9320,2692.060878008604
9330,2486.311392992735
9340,2338.47522598505
9350,2683.193857997656
9360,2452.5451009869576
9370,2646.4765910208225
9380,2517.1778420209885
9390,2606.6794559955597
9400,2400.2228910028934
9410,2410.6693390011787
9420,2620.8938439786434
9430,2364.2208999991417
9440,2579.894519984722
9450,2429.9989950060844
9460,2632.0055769979954
9470,2370.4983330070972
9480,2715.1116679906845
9490,2513.3411979973316
9500,2741.1241600215435
9510,2458.1160899996758
9520,2740.3027380108833
9530,2303.2629310190678
9540,2745.53575399518
9550,2451.8274079859257
9560,2415.8594869971275
9570,2768.3831410109997
9580,2375.0164429843426
9590,2611.405057013035
9600,2443.4658550024033
9610,2414.217577010393
9620,2697.7671590149403
9630,2419.5372149944305
9640,2736.9200850129128
9650,2396.659927994013
9660,2717.6854799985886
9670,2373.981078982353
9680,2494.5447179973125
9690,2732.796545982361
9700,2508.9281150102615
9710,2751.9481659829617
9720,2475.2476939857006
9730,2500.831331014633
9740,2794.87496599555
9750,2522.8897800147533
9760,2798.0191619992256
9770,2317.2399460077286
9780,2466.3990040123463
9790,2729.5470710098743
9800,2428.6830100119114
9810,2665.31755900383
9820,2433.820508003235
9830,2529.2999399900436
9840,2859.299757003784
9850,2519.7828209996223
9860,2774.915823996067
9870,2487.0816339850426
9880,2850.428184002638
9890,2549.1505759954453
9900,2734.1643790006638
9910,2497.7505210042
9920,2512.5336470007896
9930,2808.2220920026302
9940,2441.8908700048923
9950,2750.6297560036182
9960,2391.9016929864883
9970,2437.2573350071907
9980,2809.0256179869175
9990,2495.8498319983482
10000,2815.672389984131
10010,2528.8194229900837
10020,2804.891964018345
10030,2468.8131780028343
10040,2519.444723010063
10050,2761.262653976679
10060,2570.3176659941673
10070,2841.4200849831104
10080,2487.3333889842033
10090,2442.5986590087414
10100,2860.774842977524
10110,2497.4906260073185
10120,2772.318132996559
10130,2548.5683879852295
10140,2874.256971001625
10150,2467.297183007002
10160,2482.888006001711
10170,2718.961201995611
10180,2520.3600790202618
10190,2797.4223710000515
10200,2598.1236329972744
10210,2803.27956700325
10220,2509.814835011959
10230,2557.3636949956417
10240,2814.4061709940434
10250,2497.88137999177
10260,2826.689276009798
10270,2534.54281899333
10280,2934.390493988991
10290,2443.101286023855
10300,2817.5033800005913
10310,2584.1645549833775
10320,2488.5289990007877
10330,2859.8473369777203
10340,2594.3764819800854
10350,2873.492846995592
10360,2596.6803230047226
10370,2868.125043004751
10380,2587.8767829835415
10390,2894.6625730097294
10400,2428.4901379942894
10410,2835.6396519839764
10420,2559.528759986162
10430,2886.323772996664
10440,2401.7646650075912
10450,2945.129449993372
10460,2477.655855000019
10470,2897.103139013052
10480,2657.8059799969196
10490,2920.934388011694
10500,2608.882345020771
10510,2787.4852060079575
10520,2540.3641630113125
10530,2939.834591984749
10540,2691.7108229994774
10550,2903.9340330064297
10560,2613.638630002737
10570,2893.471165984869
10580,2649.827873021364
10590,2521.4507160186768
10600,2987.6442449986935
10610,2588.2739749848843
10620,2905.015498995781
10630,2639.2577140033245
10640,2889.439489006996
10650,2584.5509579777718
10660,2894.23927000165
10670,2590.100470006466
10680,2880.4441489875317
10690,2589.5530309975147
10700,2961.580761998892
10710,2682.9211579859257
10720,2968.4146330058575
10730,2641.7047219872475
10740,2959.385709017515
10750,2636.1746290028095
10760,3031.843409985304
10770,2627.7123959958553
10780,2917.877126008272
10790,2684.0653479993343
10800,3019.032122015953
10810,2675.30281201005
10820,2999.7987250089645
10830,2678.788542985916
10840,2999.429206997156
10850,2633.7540459930897
10860,2931.4756639897823
10870,2637.504836022854
10880,2896.6765680015087
10890,2558.821640998125
10900,2680.460887014866
10910,2669.6773799955845
10920,2596.00297999382
10930,2987.0244219899178
10940,2647.65194401145
10950,3105.201615989208
10960,2632.1531299948692
10970,2976.0240350067616
10980,2673.323440015316
10990,2734.391987979412
11000,2748.807792007923
11010,2673.5505400002003
11020,3029.1003769934177
11030,2709.6467120051384
11040,2940.868916988373
11050,2708.0187700092793
11060,2695.1929099857807
11070,3013.338504999876
11080,2794.0898239910603
11090,2960.5960689783096
11100,2738.8681289851665
11110,2875.8874010145664
11120,2592.175880998373
11130,2678.8306970000267
11140,3024.341261982918
11150,2724.2485350072384
11160,3020.28152102232
11170,2706.1527400016785
11180,2790.730860978365
11190,2796.192070007324
11200,2761.8698349893093
11210,3059.979007989168
11220,2762.7914130091667
11230,3082.59202298522
11240,2742.7272700071335
11250,2769.7784810066223
11260,3080.611757993698
11270,2598.235650986433
11280,3128.5033559799194
11290,2739.8051359951496
11300,2787.458843022585
11310,3068.879714012146
11320,2637.195331007242
11330,3043.548745006323
11340,2706.9993720054626
11350,2770.0160489976406
11360,3139.312092989683
11370,2817.231945991516
11380,3094.0860790014267
11390,2738.624740988016
11400,2754.810580998659
11410,2957.1660310029984
11420,2732.1330479979515
11430,3103.0159730017185
11440,2718.475156992674
11450,2794.539179980755
11460,3126.19106900692
11470,2769.429165005684
11480,2933.9259099960327
11490,2841.7359709739685
11500,2778.587714999914
11510,3076.799279987812
11520,2781.9398349821568
11530,2755.590714007616
11540,3049.098535001278
11550,2763.6915000081062
11560,3246.286862015724
11570,2817.9113709926605
11580,2915.3732540011406
11590,2798.8083750009537
11600,2681.0106340050697
11610,3144.1011920273304
11620,2750.9614650011063
11630,2712.756965994835
11640,3033.0007139742374
11650,2806.6704140007496
11660,3161.629543989897
11670,2769.8310829997063
11680,2893.3421289920807
11690,2919.139737993479
11700,2747.0732539892197
11710,3201.944683998823
11720,2829.22036498785
11730,2779.2195569872856
11740,3119.6843030154705
11750,2842.426370024681
11760,3214.191615998745
11770,2678.8669959902763
11780,2847.3033890128136
11790,3232.801859021187
11800,2895.4431479871273
11810,2793.943406999111
11820,3105.7434040009975
11830,2744.092292994261
11840,2713.8447600007057
11850,3132.8447030186653
11860,2873.842635989189
11870,2852.1295939981937
11880,3150.1312559843063
11890,2910.1270029842854
11900,2843.1747010052204
11910,3260.6037380099297
11920,2829.2939740121365
11930,2869.461086988449
11940,3096.049264997244
11950,2886.0733230113983
11960,2911.672113984823
11970,3143.982115983963
11980,2936.8561759889126
11990,2897.6885699927807
12000,3135.2342619895935
12010,2858.1865099966526
12020,2880.119631975889
12030,3263.733365982771
12040,2924.3824830055237
12050,2914.3679330050945
12060,3175.232627004385
12070,2922.5232190191746
12080,2817.8350979983807
12090,3263.7629739940166
12100,2924.5444089770317
12110,2830.3901450037956
12120,3270.3192330002785
12130,2929.9966929852962
12140,2866.218125998974
12150,3259.223242998123
12160,2940.064151018858
12170,2889.8785230219364
12180,3184.5900419950485
12190,2846.996064990759
12200,2913.400292992592
12210,3260.129255026579
12220,2825.043834000826
12230,2912.732612013817
12240,3283.19156101346
12250,2902.7248640060425
12260,2891.615693986416
12270,3308.0385590195656
12280,2678.32916200161
12290,2840.4211609959602
12300,3354.5441490113735
12310,2926.5371010005474
12320,2899.2854019999504
12330,3254.7722830176353
12340,2803.071047991514
12350,2968.1770460009575
12360,3307.3752610087395
12370,2883.37263199687
12380,2936.5466040074825
12390,3374.069516003132
12400,2934.6789770126343
12410,2857.5298950076103
12420,3307.307857990265
12430,2992.211771994829
12440,3024.7682990133762
12450,3351.8917439877987
12460,3120.2649459838867
12470,2921.5748960077763
12480,3411.0191890001297
12490,3035.7618630230427
12500,3023.5597029924393
12510,3362.2532629966736
12520,2933.7632539868355
12530,3004.5514039993286
12540,3374.3215619921684
12550,2944.5027109980583
12560,3024.0327519774437
12570,3578.8984329998493
12580,2877.144259005785
12590,2929.9143420159817
12600,3367.7986590266228
12610,3012.3208859860897
12620,3033.0123940110207
12630,3279.987969994545
12640,3038.904790997505
12650,2958.0943329930305
12660,3386.532604008913
12670,2989.8380250036716
12680,3031.552647024393
12690,3402.3628839850426
12700,2909.524367004633
12710,2972.8355370163918
12720,3342.618515998125
12730,3060.5511789917946
12740,3012.2110430002213
12750,3528.9615439772606
12760,3111.401170015335
12770,3025.083819001913
12780,3412.513568997383
12790,3018.213366985321
12800,2966.352566987276
12810,3507.4239670038223
12820,2980.754105001688
12830,3131.7152559757233
12840,3470.6209160089493
12850,2917.8564410209656
12860,2907.527713984251
12870,3453.804405003786
12880,3030.3155020177364
12890,3013.6275629997253
12900,3363.1186400055885
12910,3072.6939490139484
12920,3074.9168389737606
12930,3494.241194009781
12940,2987.7095409929752
12950,2960.9833140075207
12960,3462.4291509985924
12970,3109.394609004259
12980,3095.316208988428
12990,3413.430158019066
13000,3024.5997599959373
13010,2999.2226330041885
13020,3428.1399440169334
13030,3035.90343400836
13040,3052.5976919829845
13050,3287.479090988636
13060,3106.5577049851418
13070,3075.876634001732
13080,3324.5792350172997
13090,3087.264881014824
13100,3080.1324400007725
13110,3486.463952988386
13120,3093.8562909960747
13130,3038.5032299757004
13140,3365.351538002491
13150,3041.718080997467
13160,3171.3140310049057
13170,3591.122215002775
13180,3050.8449079990387
13190,3351.5910499989986
13200,3538.1902039945126
13210,3010.927970021963
13220,3141.8133719861507
13230,3454.2236299812794
13240,3199.958561986685
13250,3123.524360984564
13260,3407.7954320013523
13270,3119.475542008877
13280,3057.935580998659
13290,3498.3265759944916
13300,3087.850261002779
13310,3120.6725240051746
13320,3494.9107669889927
13330,3028.270886003971
13340,3144.769208997488
13350,3476.3573929965496
13360,3019.857195019722
13370,3009.9353780150414
13380,3427.5424270033836
13390,3101.415946006775
13400,3168.560910999775
13410,3452.687373995781
13420,3096.755329012871
13430,3146.896800994873
13440,3561.171315997839
13450,3007.3059480190277
13460,3103.6922990083694
13470,3468.1638189852238
13480,3122.5560380220413
13490,2954.652446001768
13500,3515.550734013319
13510,3173.2113270163536
13520,3147.5186079740524
13530,3489.657150000334
13540,3178.6939029991627
13550,3097.8385249972343
13560,3503.933643013239
13570,3200.3395369946957
13580,3175.9409500062466
13590,3517.0661129951477
13600,3205.3924300074577
13610,3167.583085000515
13620,3521.6954770088196
13630,3178.2001419961452
13640,3223.7773990035057
13650,3619.7686679959297
13660,3181.9400580227375
13670,3167.745606005192
13680,3628.3916090130806
13690,3202.1078529953957
13700,3196.4486069977283
13710,3515.948564976454
13720,3093.731088012457
13730,3119.131721019745
13740,3543.459774017334
13750,3214.434922993183
13760,3107.085171997547
13770,3652.7887389957905
13780,3268.3727790117264
13790,3183.830335021019
13800,3559.0195130109787
13810,3249.759039014578
13820,3131.383468002081
13830,3537.1020889878273
13840,3114.9538030028343
13850,3146.2558140158653
13860,3531.861990004778
13870,3066.7554129958153
13880,3015.5553890168667
13890,3626.2079890072346
13900,3213.255837023258
13910,3107.4424790143967
13920,3590.9689829945564
13930,3301.584527015686
13940,3289.79256901145
13950,3628.207859992981
13960,3361.084394007921
13970,3232.1717729866505
13980,3572.742864012718
13990,3156.447327017784
14000,3142.8887810111046
14010,3589.0577200055122
14020,3070.778105020523
14030,3124.462773025036
14040,3565.0010039806366
14050,3315.273566991091
14060,3146.6438670158386
14070,3566.0923550128937
14080,3292.474886983633
14090,3354.105406999588
14100,3655.2856099903584
14110,3229.0563690066338
14120,3388.969830006361
14130,3745.3261060118675
14140,3330.994780987501
14150,3374.8839589953423
14160,3821.829355984926
14170,3333.753555983305
14180,3232.53851300478
14190,3869.844817996025
14200,3257.3082690238953
14210,3376.8545890152454
14220,3752.6350610256195
14230,3334.005109012127
14240,3453.890383005142
14250,3623.9933829903603
14260,3326.1486950218678
14270,3213.893835991621
14280,3667.6939110159874
14290,3406.185669004917
14300,3360.1674369871616
14310,3839.367529988289
14320,3057.3584350049496
14330,3384.812668979168
14340,3755.4412569999695
14350,3239.0312100052834
14360,3470.222468018532
14370,3736.0833779871464
14380,3570.3033930063248
14390,3339.7163949906826
14400,3865.3915639817715
14410,3284.385280996561
14420,3347.173595994711
14430,3791.8666730225086
14440,3399.0109210014343
14450,3440.4607129991055
14460,3867.7098349928856
14470,3390.812307983637
14480,3413.0650449991226
14490,3737.006698012352
14500,3586.350980013609
14510,3360.186075001955
14520,3795.854635000229
14530,3451.180566996336
14540,3277.1673889756203
14550,3838.0300619900227
14560,3345.9989069998264
14570,3475.968252003193
14580,3649.2619740068913
14590,3338.8824049830437
14600,3391.477602005005
14610,3814.707991987467
14620,3433.193632990122
14630,3525.6095699965954
14640,3817.4296319782734
14650,3385.5111159980297
14660,3387.7155169844627
14670,3777.669523000717
14680,3554.6398710012436
14690,3440.5270369946957
14700,3855.0981160104275
14710,3217.8323149979115
14720,3376.69910299778
14730,3895.8873939812183
14740,3445.4794720113277
14750,3343.6330310106277
14760,3862.2899219989777
14770,3455.9779709875584
14780,3413.709839016199
14790,3904.2982189953327
14800,3445.8030859827995
14810,3448.3405559957027
14820,3841.358536988497
14830,3506.557054013014
14840,3496.356476008892
14850,3872.846814006567
14860,3437.227232992649
14870,3237.5400759875774
14880,3810.2829030156136
14890,3478.058516025543
14900,3541.532673984766
14910,4044.9430149793625
14920,3550.2146770060062
14930,3525.274529993534
14940,3925.0642950236797
14950,3469.3775399923325
14960,3388.9801029860973
14970,3887.06542801857
14980,3321.288971990347
14990,3485.942252010107
15000,3997.5789819955826
15010,3529.160742998123
15020,3487.8976759910583
15030,3878.0778969824314
15040,3482.53438898921
15050,3539.933472007513
15060,3956.289546996355
15070,3535.812711983919
15080,3565.3157849907875
15090,4059.0253269970417
15100,3514.6824740171432
15110,3669.265088021755
15120,3994.5381860136986
15130,3590.0986320078373
15140,3566.988823980093
15150,4087.048684000969
15160,3627.144549995661
15170,3539.3066570162773
15180,3904.3475850224495
15190,3606.2898520231247
15200,3497.769799977541
15210,3929.119004994631
15220,3576.865319997072
15230,3495.454901009798
15240,4055.341825991869
15250,3440.2331230044365
15260,3592.963117003441
15270,4039.862903982401
15280,3612.6178009808064
15290,3459.2691009938717
15300,4126.809255003929
15310,3562.651609003544
15320,3647.798321992159
15330,3942.7496460080147
15340,3646.695596009493
15350,3454.0419339835644
15360,3999.0970430076122
15370,3524.7601280212402
15380,3551.938930004835
15390,4057.0893250107765
15400,3652.086347013712
15410,3687.6168179810047
15420,4067.455830991268
15430,3598.810701996088
15440,3599.2166500091553
15450,3955.242392003536
15460,3532.7589430212975
15470,3572.1396839916706
15480,3853.961169987917
15490,3519.9746350049973
15500,3669.29242298007
15510,4105.8307810127735
15520,3741.425294995308
15530,3615.2066310048103
15540,4141.332607001066
15550,3646.600396990776
15560,3631.097074985504
15570,4161.167130976915
15580,3633.684233993292
15590,3628.2846690118313
15600,4005.972975999117
15610,3743.1361500024796
15620,3724.4751060009003
15630,4048.080958008766
15640,3529.38748601079
15650,3621.245334982872
15660,4014.7533669769764
15670,3565.836100012064
15680,3551.0671339929104
15690,4255.035651028156
15700,3749.287951976061
15710,3707.5255199968815
15720,4131.165508002043
15730,3701.9980579912663
15740,3455.5627180039883
15750,4210.455917984247
15760,3681.972887992859
15770,3550.4327740073204
15780,3959.974005997181
15790,3613.321767002344
15800,3680.706941008568
15810,3619.635294020176
15820,4331.361161977053
15830,3632.3822599947453
15840,3704.2578159868717
15850,4147.629831016064
15860,3685.44955098629
15870,3687.9492449760437
15880,3708.9813019931316
15890,3793.2878350019455
15900,3601.800129979849
15910,3713.16817599535
15920,4275.432001978159
15930,3758.219549000263
15940,3699.3672870099545
15950,3998.4433360099792
15960,3543.063082009554
15970,3682.5832529962063
15980,4009.453427016735
15990,3821.1324520111084
16000,3668.365709990263
16010,3747.1548209786415
16020,4159.16309300065
16030,3596.027031004429
16040,3690.1472940146923
16050,4324.647285997868
16060,3723.549412995577
16070,3741.8808510005474
16080,4109.35905200243
16090,3708.0331380069256
16100,3902.821775972843
16110,3689.9152970016003
16120,3989.8976689875126
16130,3733.7993979752064
16140,3658.799246996641
16150,4033.8743769824505
16160,3705.6116569936275
16170,3488.9651350080967
16180,4147.487309992313
16190,3707.4869959950447
16200,3741.962509006262
16210,3899.8645949959755
16220,3830.653659015894
16230,3740.2164990007877
16240,3817.3963159918785
16250,4168.353367984295
16260,3713.1110519766808
16270,3772.092194020748
16280,4304.666682988405
16290,3790.494786977768
16300,3734.1651909947395
16310,3621.7539750039577
16320,4263.542679011822
16330,3719.38571998477
16340,3807.3330369889736
16350,4336.30756598711
16360,3701.694624006748
16370,3705.311915010214
16380,3697.098321020603
16390,4259.267374992371
16400,3647.7343159914017
16410,3649.494865000248
16420,4245.555784016848
16430,3734.0854980051517
16440,3728.890285998583
16450,3851.766053020954
16460,4275.557538002729
16470,3719.988356977701
16480,3850.3645240068436
16490,4333.356743007898
16500,3815.7260960042477
16510,3832.4313810169697
16520,3684.187521994114
16530,4388.6135820150375
16540,3802.9166770279408
16550,3833.1843559741974
16560,3787.7057369947433
16570,4020.9452569782734
16580,3747.557949990034
16590,3813.192407011986
16600,4231.210638999939
16610,3840.481501996517
16620,3719.181005001068
16630,3891.780528008938
16640,4073.6487649977207
16650,3650.6631149947643
16660,3837.0496819913387
16670,4303.798620998859
16680,3771.122164994478
16690,3872.903987020254
16700,3862.1144499778748
16710,4238.446209013462
16720,3745.1394639909267
16730,3902.4544330239296
16740,4181.865612983704
16750,4205.368794023991
16760,4259.243923991919
16770,3909.6293620169163
16780,4278.318937987089
16790,3862.3690169751644
16800,3956.8837390244007
16810,3833.3095709979534
16820,4360.052208006382
16830,3856.930373996496
16840,3769.3435719907284
16850,3808.7856369912624
16860,4365.326851993799
16870,3816.174089998007
16880,3728.4143480062485
16890,3730.2925150096416
16900,4328.375027984381
16910,3879.0774209797382
16920,3830.0330179929733
16930,3815.8565329909325
16940,4435.5764609873295
16950,3878.6453030109406
16960,3839.108942002058
16970,3921.5686799883842
16980,4302.189686983824
16990,3718.6668139994144
17000,3779.225331991911
17010,4319.812467992306
17020,3801.450899988413
17030,3841.2850680053234
17040,4034.21609300375
17050,4126.336225986481
17060,3967.7806099951267
17070,3820.8260839879513
17080,4285.570654988289
17090,3906.0036140084267
17100,3991.572513014078
17110,3899.263184994459
17120,4422.663278996944
17130,3728.662795007229
17140,3740.5669969916344
17150,3837.8128210008144
17160,4489.171936988831
17170,3847.0183340013027
17180,3979.3451740145683
17190,3814.7235660254955
17200,4427.308268994093
17210,3920.1653960049152
17220,3861.6101539731026
17230,3933.684711009264
17240,4489.215162009001
17250,3956.243230998516
17260,3977.9236800074577
17270,3884.3540999889374
17280,4611.924506008625
17290,3893.5207360088825
17300,3874.390168994665
17310,4094.1239910125732
17320,4442.456275999546
17330,3960.995094001293
17340,3787.628686994314
17350,3944.526402980089
17360,4513.001632004976
17370,3974.7554209828377
17380,3888.306984990835
17390,4069.0257450044155
17400,4524.163578003645
17410,3934.5378630161285
17420,3920.946110010147
17430,3922.820371001959
17440,4496.673952013254
17450,4008.0210069715977
17460,4173.711080998182
17470,3814.6868990063667
17480,4579.147154003382
17490,3942.4419640004635
17500,3835.975520014763
17510,4104.826131016016
17520,4554.321876019239
17530,4016.7009789943695
17540,4006.2336450219154
17550,4031.233004003763
17560,4540.484010994434
17570,4019.810228019953
17580,4013.4632410109043
17590,3628.5715929865837
17600,4508.752597987652
17610,4010.1290580034256
17620,3898.82434502244
17630,3913.588109999895
17640,4467.677417010069
17650,3935.2980159819126
17660,3949.575231999159
17670,4053.027767986059
17680,4471.411485999823
17690,4405.783234000206
17700,4188.40973597765
17710,4130.217943996191
17720,4552.027695983648
17730,3884.855248004198
17740,3830.003600001335
17750,4033.3837589919567
17760,4515.006330013275
17770,3959.629541993141
17780,4088.914707005024
17790,4292.2878850102425
17800,4517.558754980564
17810,4195.284184992313
17820,4030.003414005041
17830,4047.0978629887104
17840,4453.181468009949
17850,4055.49441999197
17860,4217.20039999485
17870,3988.4800589978695
17880,4482.911619991064
17890,4136.340648978949
17900,3911.1751329898834
17910,4066.2861039936543
17920,4612.820836007595
17930,4012.8179680109024
17940,3849.2670460045338
17950,4193.977602005005
17960,4654.016124993563
17970,4256.588544011116
17980,4038.2918449938297
17990,4040.646867990494
18000,4474.531148999929
18010,4189.849629998207
18020,4173.140167981386
18030,4071.879844993353
18040,4687.174308001995
18050,4095.815204977989
18060,4773.724397003651
18070,4806.056090980768
18080,4933.242456018925
18090,4058.5095940232277
18100,4069.094785004854
18110,4058.435826987028
18120,4705.928755998611
18130,3849.668265014887
18140,4089.9003240168095
18150,3980.671112984419
18160,4608.82405102253
18170,4009.1233760118484
18180,3970.4891500175
18190,4044.9121930003166
18200,4489.724737972021
18210,4179.269032001495
18220,3918.406002998352
18230,4043.553114980459
18240,4514.677258014679
18250,4192.850566983223
18260,4080.6954149901867
18270,4146.994547009468
18280,4694.453644990921
18290,4011.0842890143394
18300,4070.2868529856205
18310,4150.034016996622
18320,4526.779512017965
18330,4251.429778009653
18340,4111.641858011484
18350,4200.25707501173
18360,4694.376071989536
18370,4064.3388589918613
18380,4197.938971996307
18390,4149.523377001286
18400,4723.013934016228
18410,4048.66343998909
18420,4214.870021998882
18430,4175.1665669977665
18440,4605.307763010263
18450,4230.465058982372
18460,4179.340095996857
18470,4194.813641011715
18480,4845.592613011599
18490,4190.096752017736
18500,4088.188136011362
18510,4211.804112017155
18520,4626.655367016792
18530,4181.344439983368
18540,4272.615864992142
18550,3997.724979996681
18560,4735.774255007505
18570,4249.703262984753
18580,4194.24882799387
18590,4196.18676802516
18600,4647.9983749985695
18610,4162.243359982967
18620,4224.383832007647
18630,4219.859897017479
18640,4747.432726979256
18650,4297.124497979879
18660,4216.338057011366
18670,4304.455244988203
18680,4676.358655005693
18690,4228.129667013884
18700,4262.155808001757
18710,4232.373926997185
18720,4863.633702009916
18730,4327.26313701272
18740,4260.676292002201
18750,4195.633534997702
18760,4796.625865995884
18770,4236.00269600749
18780,4308.5003100037575
18790,4140.320665001869
18800,4644.318434000015
18810,4355.450934976339
18820,4420.8822529911995
18830,4270.775448024273
18840,4945.753714978695
18850,4275.949580013752
18860,4239.715436995029
18870,4283.754579007626
18880,4664.427518993616
18890,4190.819123983383
18900,4234.0945299863815
18910,4253.9610959887505
18920,4768.216146975756
18930,4244.844967991114
18940,4393.752570003271
18950,4318.897431015968
18960,4860.404608994722
18970,4314.420686006546
18980,4117.08764898777
18990,4218.22759899497
19000,4933.659418016672
19010,4286.420596003532
19020,4228.728066980839
19030,4429.754507988691
19040,4770.72446000576
19050,4295.315813988447
19060,4362.667388021946
19070,4270.284999012947
19080,4834.070704013109
19090,4275.1094990074635
19100,4214.84417501092
19110,4146.131516993046
19120,4920.631087005138
19130,4384.550110012293
19140,4134.335602015257
19150,4410.303029000759
19160,4744.726915985346
19170,4274.01883199811
19180,4215.701766997576
19190,4033.282373994589
19200,4843.40158700943
19210,4338.74805700779
19220,4417.317281007767
19230,4253.217626988888
19240,4836.798344016075
19250,4040.3617599904537
19260,4350.335330992937
19270,4249.7656599879265
19280,4998.535773009062
19290,4347.607254981995
19300,4208.78353202343
19310,4344.473704993725
19320,4704.748975992203
19330,4343.707984000444
19340,4481.155050009489
19350,4222.6842920184135
19360,5005.656722992659
19370,4425.7086299955845
19380,4356.071523994207
19390,4243.445910006762
19400,4953.6264880001545
19410,4237.998627990484
19420,4253.985693007708
19430,4410.308905988932
19440,5000.62505698204
19450,4532.81561601162
19460,4353.057453006506
19470,4467.317568987608
19480,4844.2342509925365
19490,4465.82638502121
19500,4438.794524013996
19510,4166.241744011641
19520,4771.7527050077915
19530,4289.658476024866
19540,4312.420293986797
19550,4317.4216639995575
19560,4848.580208003521
19570,4388.6155660152435
19580,4272.119915008545
19590,4394.774946004152
19600,4994.214116990566
19610,4394.664750009775
19620,4367.560578018427
19630,4488.561936020851
19640,4992.828213006258
19650,4617.6885060071945
19660,4301.8029599785805
19670,4375.411157011986
19680,4872.6522580087185
19690,4535.046264976263
19700,4628.7799980044365
19710,4412.762345999479
19720,5010.764539003372
19730,4507.020245999098
19740,4196.307976007462
19750,4310.277052998543
19760,4919.726980984211
19770,4460.799937993288
19780,4445.771988004446
19790,4400.786429017782
19800,5229.205891013145
19810,4360.418716996908
19820,4357.816616982222
19830,4412.257779985666
19840,5058.771025002003
19850,4394.339821994305
19860,4469.19151699543
19870,4169.502635002136
19880,5039.305721998215
19890,4441.890827000141
19900,4466.313751012087
19910,4295.095147997141
19920,5102.474662005901
19930,4434.000930011272
19940,4392.592252999544
19950,4376.945447981358
19960,5085.616845995188
19970,4582.413237988949
19980,4443.300815999508
19990,4352.168297022581
20000,4983.279448002577
20010,4427.87815502286
20020,4487.617466986179
20030,4323.485114991665
20040,5130.07058301568
20050,4466.428525000811
20060,4388.5379049777985
20070,4401.014739006758
20080,5012.497121989727
20090,4482.289192020893
20100,4478.918485015631
20110,4362.98718598485
20120,5064.26370999217
20130,4652.456707984209
20140,4406.069039016962
20150,4543.761120975018
20160,4957.114226996899
20170,4520.568684995174
20180,4501.295873999596
20190,4300.768702983856
20200,5112.235305994749
20210,4529.320053994656
20220,4446.3717849850655
20230,4521.584236979485
20240,5067.130042999983
20250,4502.153279989958
20260,4122.919481992722
20270,4513.707649022341
20280,5016.0525159835815
20290,4545.26057600975
20300,4618.300691008568
20310,4462.403219997883
20320,5090.018411010504
20330,4467.167060017586
20340,4171.397469013929
20350,4331.869271993637
20360,5102.926252007484
20370,4584.529206991196
20380,4504.949573010206
20390,4488.350643992424
20400,5186.596702992916
20410,4575.646797001362
20420,4613.433378994465
20430,4529.509222984314
20440,4640.259986013174
20450,4650.662073016167
20460,4658.064561009407
20470,4366.019363999367
20480,4395.3286110162735
20490,5290.919586002827
20500,4562.473379999399
20510,4623.064305990934
20520,4480.52900198102
20530,5051.207827985287
20540,4569.474785000086
20550,4715.80337998271
20560,4781.645613998175
20570,5155.773946017027
20580,4500.617588013411
20590,4438.784245997667
20600,4511.6987589895725
20610,5236.2854669988155
20620,4659.978864997625
20630,4514.904148995876
20640,4491.819344013929
20650,4674.165001988411
20660,4642.553985983133
20670,4748.494973003864
20680,4501.938645988703
20690,4501.727479994297
20700,5012.206191986799
20710,4512.59475299716
20720,4542.350999981165
20730,4473.393803983927
20740,5291.215301990509
20750,4587.559442013502
20760,4588.376593977213
20770,4555.831265985966
20780,4832.164353013039
20790,4809.474656999111
20800,4656.79638800025
20810,4586.907210975885
20820,4694.355531990528
20830,5189.7169670164585
20840,4602.934904009104
20850,4495.731342971325
20860,4678.229379981756
20870,5301.339983999729
20880,4676.269479006529
20890,4763.264433026314
20900,4691.6268010139465
20910,4573.247198998928
20920,5289.908103972673
20930,4659.384600996971
20940,4656.75641399622
20950,4546.090315014124
20960,5144.92819198966
20970,4714.730163991451
20980,4619.291251987219
20990,4651.987071990967
21000,4430.825641989708
21010,5325.658594995737
21020,4674.659723997116
21030,4549.147793024778
21040,4628.598833024502
21050,5111.982057005167
21060,4807.851883977652
21070,4604.768653988838
21080,4656.330072015524
21090,4638.455007016659
21100,5381.5218369960785
21110,4730.154208004475
21120,4790.111326992512
21130,4595.937393009663
21140,5239.245144993067
21150,4986.009994983673
21160,4661.2108290195465
21170,4607.451337009668
21180,4550.248382985592
21190,5319.432698994875
21200,4585.609474003315
21210,4483.377768009901
21220,4597.661671996117
21230,4718.948177993298
21240,5080.860504001379
21250,4984.1756699979305
21260,4821.671626985073
21270,4622.565242022276
21280,5387.925981998444
21290,4794.108388006687
21300,4567.434280991554
21310,4485.560095012188
21320,4722.430414021015
21330,5261.262874007225
21340,4527.248078018427
21350,4676.92543900013
21360,4636.637858986855
21370,5314.784835010767
21380,4712.475250989199
21390,4774.605940997601
21400,4510.915911018848
21410,5194.5490809977055
21420,4718.398512989283
21430,4651.091513991356
21440,4684.276544004679
21450,4804.782779991627
21460,5251.158010005951
21470,4684.817591995001
21480,4724.576488018036
21490,4617.224118977785
21500,4805.14771899581
21510,5563.480457007885
21520,4749.149862021208
21530,4826.014128983021
21540,4486.3201650083065
21550,4724.1486229896545
21560,5439.990055978298
21570,4700.584500014782
21580,4747.399412989616
21590,4714.064516991377
21600,4576.38677701354
21610,5138.8110130131245
21620,4830.332269012928
21630,4704.133752018213
21640,4741.309109985828
21650,4895.925780028105
21660,5503.223342001438
21670,4678.193495005369
21680,4780.550392001867
21690,4771.495009988546
21700,4630.458041995764
21710,5382.97718000412
21720,4591.504337996244
21730,4702.807602018118
21740,4609.179381012917
21750,4655.9447419941425
21760,5542.551337003708
21770,4585.311338990927
21780,4529.510582000017
21790,4791.095124006271
21800,4550.79149800539
21810,5501.753244012594
21820,4642.771406978369
21830,4799.473863005638
21840,4734.865222990513
21850,4497.134507000446
21860,5531.95829102397
21870,4822.708427011967
21880,4688.935231983662
21890,4538.389727979898
21900,4817.928728997707
21910,5262.291347980499
21920,4800.531262993813
21930,4758.066653996706
21940,4792.571674019098
21950,4763.252489000559
21960,5470.139715999365
21970,4696.455320984125
21980,4675.8581130206585
21990,4524.177872002125
22000,4232.292870998383
22010,5626.548536986113
22020,4764.965920001268
22030,4815.887935012579
22040,4787.65958198905
22050,4812.65007597208
22060,5461.543563991785
22070,4927.062954008579
22080,5097.158392995596
22090,4902.817758977413
22100,4873.683189988136
22110,5556.2277509868145
22120,4812.959021002054
22130,5171.987731993198
22140,4622.949743002653
22150,4796.393682003021
22160,5705.7033360004425
22170,4996.0038189888
22180,4690.007475018501
22190,4802.620884001255
22200,4827.497229009867
22210,5708.85966399312
22220,4862.786884009838
22230,4897.914331018925
22240,4883.195365995169
22250,4696.800613999367
22260,5580.18552801013
22270,4921.192892998457
22280,5191.710586994886
22290,4864.74111700058
22300,4757.269860982895
22310,5451.979297995567
22320,4948.340851008892
22330,5065.235273003578
22340,4901.72228500247
22350,4939.545753985643
22360,5501.239964991808
22370,4925.913427978754
22380,4981.916082024574
22390,4863.957713007927
22400,5076.1138780117035
22410,5540.210128009319
22420,4845.412494987249
22430,4954.509119004011
22440,4878.52346098423
22450,4885.062993019819
22460,5644.476222991943
22470,4942.228390008211
22480,4858.270286977291
22490,4974.733045995235
22500,4764.347574979067
22510,5609.201465010643
22520,4993.24760299921
22530,4956.209426999092
22540,4978.6921499967575
22550,4963.403663009405
22560,5638.946363002062
22570,4942.7781130075455
22580,4807.654491007328
22590,5085.77003800869
22600,4773.837498009205
22610,5704.519893974066
22620,4967.953447014093
22630,4954.984393000603
22640,5096.593237012625
22650,4929.844190001488
22660,5655.188789993525
22670,4916.97523099184
22680,4904.719550997019
22690,5047.800646007061
22700,4938.51987400651
22710,5660.66224399209
22720,5087.208499997854
22730,4895.43183401227
22740,4872.1876339912415
22750,5742.688813000917
22760,4916.770307004452
22770,4918.029076993465
22780,5211.92848700285
22790,4743.001637011766
22800,5670.402780979872
22810,4879.140307992697
22820,5119.309552013874
22830,4802.108624011278
22840,5010.46288099885
22850,5784.932163000107
22860,5139.974029004574
22870,4979.363444983959
22880,4843.402132987976
22890,5008.910481005907
22900,5764.540610998869
22910,5015.361142992973
22920,5066.282066017389
22930,5131.921665996313
22940,5121.279736995697
22950,5899.261904001236
22960,5024.742358982563
22970,5048.319138020277
22980,4985.187384009361
22990,5283.584308028221
23000,5663.528935998678
23010,5260.107279986143
23020,5058.435328990221
23030,5080.560851991177
23040,5088.369040995836
23050,5811.141773015261
23060,5076.054866999388
23070,5194.003316998482
23080,5076.890112996101
23090,4887.045332998037
23100,5890.2999140024185
23110,5212.572517991066
23120,5032.020529001951
23130,5237.30213701725
23140,5066.828819990158
23150,5826.4515500068665
23160,5230.955154001713
23170,5116.0287100076675
23180,4911.117713987827
23190,5168.793967992067
23200,5746.515538007021
23210,5121.7011660039425
23220,4918.640184015036
23230,5138.633042007685
23240,5011.365547001362
23250,5952.923633009195
23260,5156.309523999691
23270,5052.739961981773
23280,4997.315089017153
23290,5082.254235982895
23300,6016.353072017431
23310,5097.3748369812965
23320,4968.716789007187
23330,5141.310201019049
23340,4975.609710007906
23350,5989.782691985369
23360,4680.357019007206
23370,5092.974996984005
23380,5226.787245988846
23390,5116.526538014412
23400,5848.751926988363
23410,5153.101292997599
23420,5040.773653000593
23430,5094.334646999836
23440,5115.709964990616
23450,6154.474261015654
23460,5095.730179011822
23470,5309.148815989494
23480,5295.411958992481
23490,4797.660268992186
23500,6032.044335991144
23510,5145.943569004536
23520,5255.404926002026
23530,4980.0717760026455
23540,5106.991923987865
23550,5997.20773100853
23560,5145.349015980959
23570,5185.561796009541
23580,5129.1491059958935
23590,5305.28209400177
23600,6119.115118026733
23610,5117.040502995253
23620,5096.182597011328
23630,4977.747934997082
23640,4937.099918007851
23650,6153.39800298214
23660,5213.768146008253
23670,5010.779140979052
23680,5310.439649015665
23690,5078.434891998768
23700,6060.1539070010185
23710,5365.746885985136
23720,5262.640973985195
23730,5306.688024997711
23740,5331.069853007793
23750,6055.974252998829
23760,5168.462051987648
23770,5047.111781001091
23780,5141.946947008371
23790,5245.907274991274
23800,6190.121093988419
23810,5236.658378005028
23820,5408.063908010721
23830,5207.637803018093
23840,5234.041526019573
23850,5665.635646998882
23860,5350.851841986179
23870,5198.2632820010185
23880,5271.325344979763
23890,5229.624327003956
23900,5912.868527978659
23910,5345.5655879974365
23920,5261.141234010458
23930,5310.035767018795
23940,5128.360810011625
23950,6008.320358991623
23960,5276.3846579790115
23970,5507.662157982588
23980,5395.51576000452
23990,5385.289462000132
24000,5875.497347027063
24010,5357.008347004652
24020,5109.807523995638
24030,5286.297162979841
24040,5212.542231976986
24050,6378.4665950238705
24060,5264.7957099974155
24070,5067.451584011316
24080,5206.987762987614
24090,5294.611046999693
24100,6171.24104899168
24110,5225.402500003576
24120,5311.503610998392
24130,5308.8529280126095
24140,5331.813567996025
24150,6158.486522018909
24160,5227.847010016441
24170,5312.294400990009
24180,5219.903221994638
24190,5125.711725980043
24200,5876.630174994469
24210,5490.271333009005
24220,5257.467101991177
24230,5396.722391009331
24240,5460.033451020718
24250,5780.9142589867115
24260,5272.786157011986
24270,5342.663412988186
24280,5410.413201004267
24290,4940.329914003611
24300,5874.088887006044
24310,5315.03917402029
24320,5285.756720006466
24330,5320.512717008591
24340,5506.616420000792
24350,5957.923628985882
24360,5309.478062003851
24370,5346.702989012003
24380,5257.2475210130215
24390,5223.790371000767
24400,5997.641049981117
24410,4974.602205008268
24420,5235.902094006538
24430,5343.226469993591
24440,5275.046894997358
24450,6088.325347989798
24460,5487.560590982437
24470,5161.735399007797
24480,5277.905216991901
24490,5273.344567000866
24500,5889.325156986713
24510,5512.402186989784
24520,5349.445574015379
24530,5446.509418010712
24540,5237.215620011091
24550,6101.950735986233
24560,5172.2339769899845
24570,5266.456103980541
24580,5286.698075979948
24590,5330.4901440143585
24600,5903.063064008951
24610,5399.35382398963
24620,5593.208582013845
24630,5377.635399013758
24640,5380.048010975122
24650,5969.924192994833
24660,5516.891571998596
24670,5346.403597027063
24680,5355.650512993336
24690,5372.16458901763
24700,6006.27761900425
24710,5387.945110023022
24720,5701.8646549880505
24730,5477.676067978144
24740,5416.404682993889
24750,6064.214022994041
24760,5451.408073991537
24770,5529.497070997953
24780,5258.544654995203
24790,5271.098412007093
24800,5940.67956200242
24810,5547.441967993975
24820,5318.296755999327
24830,5327.3541340231895
24840,5393.585675001144
24850,6095.3164930045605
24860,5408.167068004608
24870,5362.7642150223255
24880,5577.932175010443
24890,5614.12063601613
24900,5928.279660016298
24910,9303.859059989452
24920,9770.134294986725
24930,5312.727018982172
24940,5314.307630985975
24950,6036.63653999567
24960,5496.025177001953
24970,5579.212904989719
24980,5344.160286009312
24990,5488.522707015276
25000,6185.979930996895
25000,5456.302253007889
25020,5474.149176001549
25030,5460.543525010347
25040,5417.083694010973
25050,5941.036581993103
25060,5285.381647020578
25070,5584.552340000868
25080,5376.977650016546
25090,5479.72279599309
25100,6116.813171982765
25110,5407.882043004036
25120,5348.000480979681
25130,5432.405685007572
25140,5602.244120001793
25150,6069.267950981855
25160,5383.338654011488
25170,5661.26051402092
25180,5259.655068993568
25190,5568.178844988346
25200,6051.137784987688
25210,5472.15681001544
25220,5417.377768993378
25230,5181.010410994291
25240,5497.988302975893
25250,6158.066563010216
25260,5529.287483006716
25270,5434.091042995453
25280,5475.330287992954
25290,5451.221920996904
25300,6466.748457998037
25310,5502.828974992037
25320,5468.477820008993
25330,5333.922612994909
25340,5275.215925991535
25350,6296.75337600708
25360,5517.804031014442
25370,5683.6245029866695
25380,5401.36391299963
25390,5454.134683996439
25400,6392.615806996822
25410,5621.0703620016575
25420,5589.785711020231
25430,5593.274161010981
25440,5621.595558017492
25450,6287.478258997202
25460,5612.497913002968
25470,5647.342338979244
25480,5566.382223010063
25490,5513.089974999428
25500,6190.972123980522
25510,5469.730498999357
25520,5516.376574009657
25530,5582.535275995731
25540,5383.781248986721
25550,6308.332834005356
25560,5698.8585439920425
25570,5596.1124739944935
25580,5562.442804008722
25590,5552.985946983099
25600,6334.878848999739
25610,5673.390356987715
25620,5379.083164006472
25630,5706.746192991734
25640,5579.728911995888
25650,6278.372899979353
25660,5650.861512005329
25670,5549.688780993223
25680,5448.958231002092
25690,5662.181679010391
25700,6336.409339994192
25710,5673.037643015385
25720,5568.281621992588
25730,5592.972494989634
25740,5416.322542011738
25750,6471.571267992258
25760,5635.470957010984
25770,5576.1944189965725
25780,5776.949748009443
25790,5517.463692009449
25800,6237.2371889948845
25810,5490.715014994144
25820,5444.608175009489
25830,5622.189658999443
25840,5868.713212996721
25850,6302.791512995958
25860,5740.738914012909
25870,5570.330253005028
25880,5638.098194986582
25890,5660.155733972788
25900,6097.6657620072365
25910,5517.567937016487
25920,5311.887953996658
25930,5487.280929982662
25940,5612.631735980511
25950,6328.3909740149975
25960,5644.491184026003
25970,5650.361146003008
25980,5579.051479995251
25990,5553.212021976709
26000,6475.730555027723
26010,5433.33599999547
26020,5605.824425011873
26030,5737.867276996374
26040,5689.923606008291
26050,8472.364640980959
26060,5734.325293987989
26070,5765.796770006418
26080,5710.983136981726
26090,5802.3109740018845
26100,6256.472272992134
26110,5386.0447790026665
26120,5773.33444699645
26130,5363.078229993582
26140,5733.040313005447
26150,5767.991089016199
26160,5894.15596100688
26170,5759.443543016911
26180,5618.003762990236
26190,5728.884283006191
26200,5725.571547985077
26210,7074.196118980646
26220,5685.098408997059
26230,5678.827686011791
26240,5511.44359099865
26250,5288.144379019737
26260,6406.958657979965
26270,5513.878482997417
26280,5619.306606978178
26290,5649.899614006281
26300,5813.671447008848
26310,6443.919649988413
26320,5547.975490987301
26330,5779.317510008812
26340,5761.54616600275
26350,5689.729215025902
26360,5760.358249008656
26370,6456.406642019749
26380,5784.452073007822
26390,5731.699106007814
26400,5782.719341993332
26410,5951.237313985825
26420,6525.422222971916
26430,5518.257582008839
26440,5755.031932979822
26450,5518.02330699563
26460,5640.077349990606
26470,5746.015570998192
26480,6304.069135993719
26490,5681.301424980164
26500,5613.713494002819
26510,5765.275228977203
26520,5689.00845298171
26530,6678.063912004232
26540,5991.972530990839
26550,5831.042968988419
26560,5531.573774009943
26570,5658.347200006247
26580,6101.363124996424
26590,5873.308750003576
26600,5706.324081987143
26610,5543.921175003052
26620,5702.722768008709
26630,6415.9305920004845
26640,5562.960776001215
26650,5889.968793988228
26660,5600.848572015762
26670,5707.680145978928
26680,5777.683470994234
26690,6574.958867996931
26700,5672.511299997568
26710,5540.511660993099
26720,5815.608133018017
26730,6015.562617003918
26740,6741.91895699501
26750,5920.916903018951
26760,5775.942315995693
26770,5700.703870981932
26780,5773.235365003347
26790,5815.739197999239
26800,6702.5885190069675
26810,5523.66248100996
26820,5779.525079995394
26830,5803.452026993036
26840,5834.173739999533
26850,6600.113191008568
26860,5849.0516829788685
26870,5693.081431984901
26880,5771.866775006056
26890,5705.4644230008125
26900,5685.8405229747295
26910,6423.402213990688
26920,5489.748320996761
26930,5908.412773996592
26940,5908.703960001469
26950,5783.4457840025425
26960,5361.969016999006
26970,6341.264523983002
26980,5702.017713010311
26990,5773.362221002579
27000,5677.5820299983025
27010,5800.2729060053825
27020,6830.3814480006695
27030,5760.980479001999
27040,5998.130558013916
27050,5786.747206002474
27060,5727.150555998087
27070,6242.72933998704
27080,6112.224291980267
27090,5881.039738982916
27100,5869.800255984068
27110,5762.9156129956245
27120,5847.998702019453
27130,7098.3518959879875
27140,5836.289847999811
27150,5890.166038990021
27160,5720.337269991636
27170,5904.689550995827
27180,5677.3707329928875
27190,6563.162869006395
27200,5790.895018994808
27210,5962.450401008129
27220,5601.275417000055
27230,5720.169871002436
27240,6814.810419023037
27250,5861.562582999468
27260,6144.259267985821
27270,6092.9259169995785
27280,5781.43198800087
27290,5920.280546009541
27300,6964.461822003126
27310,6023.764127999544
27320,5756.29655200243
27330,5918.194608002901
27340,5681.802004009485
27350,5878.065014988184
27360,6954.190416991711
27370,5929.620737999678
27380,5817.614643007517
27390,6013.62749800086
27400,5752.820753008127
27410,5664.390368014574
27420,6635.166658014059
27430,5761.493829995394
27440,5784.787184000015
27450,6014.402893006802
27460,5821.54610401392
27470,6577.181261986494
27480,6230.874296009541
27490,5669.509084999561
27500,5849.513693004847
27510,5971.105890005827
27520,5863.979234993458
27530,6523.178559988737
27540,6041.250586986542
27550,6038.042448014021
27560,6029.026489973068
27570,5891.735229998827
27580,5893.459733992815
27590,6799.77537098527
27600,5720.716567009687
27610,6151.05799099803
27620,5910.536527007818
27630,5815.326339989901
27640,5672.575168997049
27650,6588.164966017008
27660,6030.424832999706
27670,5930.401086986065
27680,5785.648748010397
27690,6043.116907000542
27700,6912.184980005026
27710,6041.6654280126095
27720,6186.183917015791
27730,6213.520606994629
27740,5632.623721003532
27750,5891.743761986494
27760,6968.506736010313
27770,5853.643592000008
27780,6139.215009003878
27790,5763.875054001808
27800,6000.055236011744
27810,5938.136180013418
27820,6674.065791994333
27830,6040.487111985683
27840,5948.705412983894
27850,6140.467671990395
27860,5659.5606489777565
27870,6148.00168800354
27880,6738.9307879805565
27890,6112.532570004463
27900,5828.542320996523
27910,5800.629695981741
27920,5860.4835549890995
27930,5953.75911000371
27940,6958.968055009842
27950,6132.729083001614
27960,5997.336306989193
27970,6039.629031985998
27980,6051.76747199893
27990,5975.900795996189
28000,7067.195518016815
28010,5918.484892010689
28020,5926.1998489797115
28030,5766.265117019415
28040,6093.140633016825
28050,5980.629597008228
28060,7019.8373119831085
28070,5988.869589984417
28080,5837.000886023045
28090,5983.653653979301
28100,5969.468906998634
28110,5945.97078999877
28120,6931.665415972471
28130,6070.00780698657
28140,6105.727159976959
28150,5935.636794000864
28160,5900.170195996761
28170,5665.4327130019665
28180,6879.523928016424
28190,5972.600943982601
28200,5889.955911010504
28210,5922.730309009552
28220,5982.35878098011
28230,6056.993176013231
28240,16943.97468200326
28250,6612.890393972397
28260,6931.968012988567
28270,6685.709511011839
28280,6521.830665022135
28290,6680.871500015259
28300,6767.621024012566
28310,6695.7633810043335
28320,7060.350143998861
28330,6618.1808550059795
28340,6768.537779986858
28350,6683.95557397604
28360,6751.5758220255375
28370,6757.8321560025215
28380,6611.66094198823
28390,6902.363009005785
28400,6755.588872998953
28410,6681.445121020079
28420,6404.7147580087185
28430,6686.976274996996
28440,6637.779100000858
28450,6751.346417993307
28460,6697.115514010191
28470,6597.464709997177
28480,6752.577464014292
28490,6685.522062987089
28500,6731.215691000223
28510,6599.723635971546
28520,6691.096518009901
28530,6682.0384440124035
28540,7297.737401008606
28550,6675.679266989231
28560,6541.916404008865
28570,6768.02419501543
28580,6606.57130202651
28590,6717.024862974882
28600,6698.288359999657
28610,6673.940850019455
28620,6454.479534983635
28630,6604.3397679924965
28640,6679.782265007496
28650,6839.660129010677
28660,6835.939191013575
28670,6750.031320005655
28680,6690.441881000996
28690,6839.161378979683
28700,6842.19306999445
28710,6788.628731995821
28720,6781.34133002162
28730,6668.00788000226
28740,6861.885226011276
28750,6759.633473992348
28760,6774.65174600482
28770,6545.253650993109
28780,6544.20309099555
28790,6600.328289985657
28800,6764.509126007557
28810,6604.987679988146
28820,6761.462346017361
28830,6748.16712102294
28840,6595.623932987452
28850,6794.550678014755
28860,6669.386839002371
28870,6683.322195023298
28880,6834.75338101387
28890,6681.217265993357
28900,6679.8436160087585
28910,6677.147284001112
28920,6688.52052500844
28930,6760.581122994423
28940,6691.61496001482
28950,6680.613339006901
28960,6797.293923020363
28970,6718.182873994112
28980,6827.036383002996
28990,6749.846782982349
29000,6900.162247002125
29010,6761.409370005131
29020,6541.057873010635
29030,6776.736321985722
29040,6690.331345021725
29050,6756.644311994314
29060,6960.241055995226
29070,6831.985940992832
29080,6831.160829007626
29090,6618.69865500927
29100,6691.373082995415
29110,6759.686073005199
29120,6952.688326984644
29130,6775.315369009972
29140,7321.287315994501
29150,6714.252847015858
29160,6722.590665996075
29170,6742.837503015995
29180,6767.818598002195
29190,6918.71755900979
29200,6595.963800013065
29210,6606.677983015776
29220,6872.593281984329
29230,6680.244412004948
29240,6819.951141983271
29250,6695.196090012789
29260,6684.23398399353
29270,6684.0544920265675
29280,6772.146901994944
29290,6761.260187000036
29300,6610.100336998701
29310,6753.110033005476
29320,6704.302746981382
29330,6694.643289983273
29340,6825.147538006306
29350,6614.99091899395
29360,6729.453480988741
29370,6902.241869986057
29380,6684.68546000123
29390,6835.169351011515
29400,6825.758801996708
29410,6750.2158689796925
29420,7020.3900800049305
29430,6480.779621005058
29440,6605.4165180027485
29450,6693.994661986828
29460,6674.575798004866
29470,6752.514943987131
29480,6674.674861997366
29490,6797.007805019617
29500,6760.200316011906
29510,6700.084652006626
29520,6761.23958799243
29530,6752.680967003107
29540,6639.272597998381
29550,6697.642627000809
29560,6599.838831007481
29570,6814.844455003738
29580,6837.6565980017185
29590,6755.558102995157
29600,6523.977746993303
29610,6603.681372016668
29620,6767.458806991577
29630,6559.090957015753
29640,6721.274796009064
29650,6626.352495998144
29660,6693.216185003519
29670,6744.622848004103
29680,6737.665131986141
29690,6804.414317011833
29700,6762.545592993498
29710,7251.212340980768
29720,6597.682826012373
29730,6602.3156270086765
29740,6622.318964004517
29750,6683.431717008352
29760,6746.548142999411
29770,6853.622135013342
29780,6774.167622029781
29790,6682.590094000101
29800,6668.848695009947
29810,6754.154264003038
29820,6757.597934007645
29830,6937.371731996536
29840,6618.056729018688
29850,6774.521768003702
29860,6827.476961016655
29870,6603.5293900072575
29880,6925.424814015627
29890,6686.199133992195
29900,6751.70421898365
29910,6758.2848100066185
29920,6681.313004016876
29930,6769.685258001089
29940,6605.44268900156
29950,6694.448924005032
29960,6621.324649006128
29970,6752.273485004902
29980,6628.849214017391
29990,6759.6961190104485
30000,6701.516526997089
30010,6687.144927978516
30020,7109.212568998337
30030,6756.253968983889
30040,6541.770980000496
30050,6530.087567985058
30060,6826.575589001179
30070,6688.6523460149765
30080,6760.188069999218
30090,6679.912717998028
30100,6525.883837014437
30110,6754.012887001038
30120,6675.24749699235
30130,6758.3367320001125
30140,6707.657528012991
30150,6689.569519013166
30160,6762.987601995468
30170,6601.344356000423
30180,6592.932018011808
30190,6793.994275987148
30200,6752.963332980871
30210,6677.0365189909935
30220,6681.541678011417
30230,6615.856925994158
30240,6674.030090987682
30250,6679.7166540026665
30260,6761.693412989378
30270,6753.1189360022545
30280,6603.8803080022335
30290,6682.311273008585
30300,6762.195726007223
30310,6677.904376983643
30320,6785.472674995661
30330,6761.444267988205
30340,6749.374742001295
30350,6683.844622015953
30360,6706.714870989323
30370,6701.895741999149
30380,6669.757290005684
30390,6674.1459539830685
30400,6676.105314999819
30410,6704.809195011854
30420,6673.752018004656
30430,6748.220522016287
30440,6760.085114002228
30450,6833.1088300049305
30460,6627.201107978821
30470,6687.56709498167
30480,6842.093090981245
30490,6853.866495996714
30500,6679.411700993776
30510,6686.647521972656
30520,6746.82458999753
30530,6770.429082006216
30540,6756.627269983292
30550,6759.01870700717
30560,7091.888498008251
30570,7130.308201014996
30580,6755.178552001715
30590,6681.811340004206
30600,6756.467509001493
30610,6669.433228999376
30620,6601.411713004112
30630,7332.188479989767
30640,7119.573297023773
30650,6529.333723992109
30660,6582.283039987087
30670,6711.706448018551
30680,6685.028824001551
30690,6621.262543022633
30700,6766.053716987371
30710,6608.618273019791
30720,6619.091674000025
30730,6784.99271902442
30740,6885.044479995966
30750,6685.991664022207
30760,6681.743753999472
30770,6747.403356999159
30780,6604.440488010645
30790,6743.378186017275
30800,6693.542339980602
30810,6878.370344996452
30820,6752.019267976284
30830,6707.146508008242
30840,6603.973491996527
30850,6725.405375003815
30860,6724.999936014414
30870,6749.438237994909
30880,6699.526271998882
30890,6678.687754005194
30900,6765.299115002155
30910,6777.398636013269
30920,6609.06619399786
30930,6701.475612998009
30940,6749.9956839978695
30950,6676.437472999096
30960,6829.389931976795
30970,6827.198619991541
30980,6678.076563000679
30990,6777.314841002226
31000,6680.692283987999
31010,6858.791673988104
31020,6748.144477009773
31030,6677.152294009924
31040,6531.072285026312
31050,6693.344332009554
31060,6691.178387016058
31070,6669.009277999401
31080,6678.675042003393
31090,6613.689945995808
31100,6855.471646994352
31110,6685.631440013647
31120,6755.290728002787
31130,6606.853042989969
31140,6834.0866340100765
31150,6774.085482984781
31160,6750.014842987061
31170,6647.918148010969
31180,6684.228406995535
31190,6686.149010002613
31200,6831.23653498292
31210,6749.897944003344
31220,6703.679474979639
31230,6678.8626109957695
31240,6763.810522019863
31250,6714.039631009102
31260,6830.218338996172
31270,6760.285865992308
31280,6847.738379001617
31290,6762.471758008003
31300,6709.809369981289
31310,6768.341934978962
31320,6791.017888993025
31330,6749.767051994801
31340,6669.201604992151
31350,6682.236082017422
31360,6728.715126991272
31370,6671.410151988268
31380,6823.751830995083
31390,6688.570611983538
31400,6681.597393006086
31410,6687.827876001596
31420,6686.5876070261
31430,6761.814487010241
31440,6687.603968024254
31450,6834.635858982801
31460,6825.677087008953
31470,6679.773460000753
31480,6987.91176199913
31490,6676.079748988152
31500,6833.578743994236
31510,6761.442084014416
31520,6823.255520999432
31530,6678.157009005547
31540,6695.326936006546
31550,6712.284920990467
31560,6784.014900028706
31570,7054.927946001291
31580,6687.7555149793625
31590,6680.830467015505
31600,6703.395375996828
31610,6620.044709980488
31620,6547.806508988142
31630,6750.257238984108
31640,6671.937837988138
31650,6676.203853994608
31660,6695.930886000395
31670,6756.831939011812
31680,6612.335992008448
31690,6854.761232018471
31700,6836.382492989302
31710,6754.934394985437
31720,6687.554273992777
31730,6740.277379006147
31740,6753.944396018982
31750,6689.694985985756
31760,6916.949666976929
31770,6840.630780994892
31780,6531.279022008181
31790,6861.872875005007
31800,6611.721579998732
31810,6609.503202021122
31820,6693.866143018007
31830,6837.231027007103
31840,6701.414664983749
31850,6597.033632993698
31860,6649.546925991774
31870,6670.007169991732
31880,6634.884167999029
31890,6706.394041001797
31900,6677.6616559922695
31910,6616.231016010046
31920,6842.811847001314
31930,6608.207744002342
31940,6609.879164993763
31950,6684.583332002163
31960,6733.683749973774
31970,6844.857905000448
31980,6857.0872530043125
31990,7094.150963008404
32000,6759.506650000811
32010,6685.070284992456
32020,6686.916907995939
32030,6680.746114999056
32040,6684.674631983042
32050,6830.30326500535
32060,6759.270555019379
32070,6548.010352015495
32080,6604.501040011644
32090,6681.927688002586
32100,6681.106407999992
32110,6522.473677009344
32120,6750.540508985519
32130,6752.964055001736
32140,6602.202861994505
32150,6564.291728019714
32160,6684.561048984528
32170,6762.443584024906
32180,6833.486871987581
32190,6552.008721023798
32200,7044.097016990185
32210,6766.306910008192
32220,6767.715353012085
32230,6758.851329982281
32240,6611.80392998457
32250,6620.208847999573
32260,6833.07551202178
32270,6769.9051350057125
32280,6676.787723988295
32290,6754.518276005983
32300,6698.589684993029
32310,6689.577051013708
32320,6609.705320984125
32330,6675.175850987434
32340,6606.136358976364
32350,6932.091095000505
32360,6746.4016869962215
32370,6527.341772019863
32380,6687.342075020075
32390,6842.056870996952
32400,6604.725506007671
32410,6824.09816300869
32420,6667.051752984524
32430,6670.669847995043
32440,6672.442497014999
32450,6930.241683989763
32460,6465.995912998915
32470,6829.227521002293
32480,6830.544961005449
32490,6678.0284050107
32500,6827.722892999649
32510,6846.816044002771
32520,6692.337287008762
32530,6754.420606017113
32540,6692.873896986246
32550,6590.530389994383
32560,6524.863395005465
32570,6760.51874101162
32580,6688.942192018032
32590,6622.762571007013
32600,6691.199380993843
32610,6657.250182002783
32620,6696.830098003149
32630,6678.449326008558
32640,6816.382108986378
32650,6683.336109995842
32660,6776.573276996613
32670,6683.679287016392
32680,6928.154143989086
32690,6766.371129989624
32700,6686.549717992544
32710,6786.572043001652
32720,6840.842058986425
32730,6688.8228659927845
32740,6679.0045530200005
32750,6680.179323017597
32760,6612.215671002865
32770,6606.950998008251
32780,6614.574320971966
32790,6694.631637990475
32800,6749.789382010698
32810,6739.10245898366
32820,6671.551786988974
32830,6803.0986469984055
32840,6716.92096799612
32850,6711.134722977877
32860,6761.578271985054
32870,6759.49886700511
32880,6675.202785015106
32890,6689.618508994579
32900,6823.962893992662
32910,6532.5748609900475
32920,6679.1988480091095
32930,6678.134126007557
32940,6609.880475997925
32950,6768.649845004082
32960,6710.4528440237045
32970,6690.559857010841
32980,6628.601942002773
32990,6598.145213991404
33000,6764.340499013662
33010,6682.957947015762
33020,6690.503067016602
33030,6865.708838999271
33040,6631.427750021219
33050,6552.0488449931145
33060,6766.412422001362
33070,6604.067844003439
33080,6709.375310987234
33090,6611.912404000759
33100,6605.991039991379
33110,6601.893179982901
33120,6847.269481986761
33130,6427.493849992752
33140,6858.292482018471
33150,6837.918219000101
33160,6466.228588998318
33170,6691.571897000074
33180,6757.988014996052
33190,6601.638637006283
33200,6777.527444988489
33210,6674.873006016016
33220,6782.9332709908485
33230,6716.244293004274
33240,6595.800145000219
33250,6740.5499839782715
33260,6601.566881984472
33270,6665.264860004187
33280,6876.934765011072
33290,6688.745823025703
33300,6705.073782980442
33310,6826.022334992886
33320,6620.3229259848595
33330,6686.646161019802
33340,6751.244933992624
33350,6752.698693007231
33360,6599.7812249958515
33370,6706.132420003414
33380,6678.994186997414
33390,6757.084049999714
33400,6690.555284023285
33410,6751.3821159899235
33420,6710.107387989759
33430,6694.59492701292
33440,6787.8189969956875
33450,6770.359397977591
33460,6752.381237000227
33470,6660.556361019611
33480,6752.564548999071
33490,6546.248782008886
33500,6651.255418002605
33510,6680.536564975977
33520,6759.004280000925
33530,6675.194278001785
33540,6698.085375994444
33550,6667.815788984299
33560,6833.18986800313
33570,6679.107069015503
33580,6541.03642398119
33590,6677.218574017286
33600,6677.717724978924
33610,6679.135604977608
33620,6694.601532995701
33630,6750.542356014252
33640,6654.173359006643
33650,6684.967323988676
33660,6748.923702985048
33670,6903.935525000095
33680,6836.919939994812
33690,6612.985231012106
33700,6676.543402016163
33710,6707.144699007273
33720,6747.214737981558
33730,6674.669627994299
33740,6645.971008002758
33750,6612.9000490009785
33760,6671.397695988417
33770,6599.023179978132
33780,6743.973662018776
33790,6764.369543015957
33800,6825.744219005108
33810,6701.8970240056515
33820,6677.162252992392
33830,6760.5102289915085
33840,6456.179410010576
33850,6619.460981994867
33860,6839.343196004629
33870,6761.2892549932
33880,6917.1712419986725
33890,6750.547711014748
33900,6603.452836990356
33910,6755.676553994417
33920,6836.285823017359
33930,6911.866587996483
33940,6608.886176973581
33950,6608.887347996235
33960,6695.992806017399
33970,6605.131127983332
33980,6699.20047801733
33990,6834.585091024637
34000,6685.15148499608
34010,6644.364053994417
34020,6830.33006799221
34030,6727.451692998409
34040,6695.626760989428
34050,6682.896358013153
34060,6697.047477006912
34070,6698.887508004904
34080,6603.789876997471
34090,7197.6343140006065
34100,6853.510962992907
34110,6606.452248007059
34120,6669.905664026737
34130,6833.962319999933
34140,6673.446456998587
34150,6677.769256979227
34160,6659.304071009159
34170,6924.734254986048
34180,6769.530328989029
34190,6598.205767989159
34200,6737.016238003969
34210,6679.51574498415
34220,6446.5247040092945
34230,6746.282682001591
34240,6606.6856290102005
34250,6701.0915049910545
34260,6640.599157989025
34270,6744.0143730044365
34280,7087.40528100729
34290,7073.6259769797325
34300,7111.113192975521
34310,6603.997281014919
34320,6605.4124509990215
34330,6624.720968991518
34340,6613.463555008173
34350,6756.599907010794
34360,6461.567093014717
34370,6668.450213998556
34380,6748.376437008381
34390,6610.807844012976
34400,6687.818917989731
34410,6753.0993930101395
34420,6682.175232023001
34430,6752.584998011589
34440,6778.606339007616
34450,6617.573035001755
34460,6593.592676013708
34470,7099.510627001524
34480,6609.047794997692
34490,6676.776883006096
34500,6739.412773013115
34510,6800.369973003864
34520,6907.619848012924
34530,6612.903483003378
34540,6688.892296999693
34550,6500.451855003834
34560,7390.377711981535
34570,6686.4363069832325
34580,6759.714783996344
34590,6688.415068000555
34600,6670.414891988039
34610,6608.787433981895
34620,6640.8816240131855
34630,6527.59022501111
34640,6749.880604982376
34650,6838.619472980499
34660,6610.12392398715
34670,6748.319101005793
34680,6679.618970990181
34690,6671.33426502347
34700,7093.101422995329
34710,6858.557108014822
34720,6763.036723017693
34730,6619.391348987818
34740,6776.543169975281
34750,6370.449404984713
34760,6749.060771018267
34770,6763.368270993233
34780,6530.324743002653
34790,6681.643851995468
34800,6689.523075014353
34810,6685.140032976866
34820,6764.663558989763
34830,6687.728253990412
34840,6801.3140380084515
34850,6827.184670001268
34860,6763.731231987476
34870,7223.8968849778175
34880,7262.483096003532
34890,6766.321041017771
34900,6772.4627740085125
34910,6740.788677990437
34920,6740.599825978279
34930,6744.137950986624
34940,6911.855278015137
34950,7303.533190011978
34960,6511.6432519853115
34970,6795.056802004576
34980,6758.457982987165
34990,6631.129213005304
35000,7334.792720019817
35010,6594.845858991146
35020,6679.9901550114155
35030,6908.006189018488
35040,6677.663266003132
35050,6759.162542015314
35060,6678.798663020134
35070,6679.410280972719
35080,7339.684808015823
35090,6565.250561982393
35100,6700.729917019606
35110,6676.828809976578
35120,6691.7525289952755
35130,6532.346583992243
35140,6915.165221989155
35150,6859.200216978788
35160,6725.682960987091
35170,6529.015485018492
35180,6601.851269006729
35190,6769.326068997383
35200,6902.5591160058975
35210,6841.566581994295
35220,6909.729124009609
35230,6832.4094370007515
35240,6525.907009989023
35250,6671.758240997791
35260,7060.008240997791
35270,6609.261159002781
35280,6758.561412990093
35290,6722.704842984676
35300,7015.307921975851
35310,6681.701341986656
35320,6612.29518699646
35330,6526.525478005409
35340,6599.720932990313
35350,6872.484992980957
35360,6679.684614002705
35370,6478.892822980881
35380,7346.937447994947
35390,6753.749803006649
35400,6610.634454995394
35410,6689.997466981411
35420,6347.255237996578
35430,6626.210578024387
35440,6922.395797014236
35450,6548.918257981539
35460,6816.012928009033
35470,6681.112526983023
35480,6679.602565020323
35490,6921.029096007347
35500,6764.002926021814
35510,6876.602468013763
35520,6754.268357992172
35530,7381.582687973976
35540,6602.21144297719
35550,6771.49584800005
35560,6785.3952270150185
35570,7171.456266999245
35580,6751.162802010775
35590,6675.184994995594
35600,6828.213970005512
35610,6616.281490981579
35620,6751.551205009222
35630,6769.848195999861
35640,6597.910604000092
35650,6831.858742982149
35660,6599.087966024876
35670,6463.522362023592
35680,6909.86873999238
35690,6520.629344016314
35700,6603.389661997557
35710,6459.778069019318
35720,6668.116302013397
35730,6909.129865974188
35740,6703.75745600462
35750,6708.081884026527
35760,6527.60977602005
35770,6703.220676004887
35780,6768.569644987583
35790,6679.318168014288
35800,6758.57544401288
35810,6448.935047984123
35820,6695.1913450062275
35830,6530.989089012146
35840,6536.917147010565
35850,7192.3760550022125
35860,6782.456204980612
35870,6722.1786459982395
35880,6708.3126539886
35890,6523.9211930036545
35900,6686.685939013958
35910,6520.847461014986
35920,6762.390207976103
35930,7141.67115098238
35940,6603.682299017906
35950,6913.4822289943695
35960,7142.758239984512
35970,6581.374987006187
35980,6517.343826025724
35990,6848.999523997307
36000,6454.241454005241
36010,6610.313793003559
36020,7075.581063985825
36030,6729.471018999815
36040,6684.005505979061
36050,6723.935029000044
36060,6594.072775989771
36070,6700.843200027943
36080,6612.144412994385
36090,6659.311919003725
36100,7238.004451006651
36110,6612.591257989407
36120,6758.539499998093
36130,7220.3924260139465
36140,6532.008165001869
36150,6764.354120016098
36160,6676.90640899539
36170,6675.1454119980335
36180,6637.22646600008
36190,6634.572362989187
36200,6675.129014998674
36210,6541.995778024197
36220,6679.1584840118885
36230,6681.06885099411
36240,6420.344211995602
36250,6807.353431999683
36260,6791.863851994276
36270,6542.292548984289
36280,7077.860891997814
36290,6924.85672301054
36300,7365.943079978228
36310,6614.495775997639
36320,6529.845786005259
36330,6746.775217980146
36340,6431.963734000921
36350,7186.504998981953
36360,6834.245043992996
36370,6758.692135006189
36380,7365.6106170117855
36390,6692.361478984356
36400,6835.826288998127
36410,6682.206016987562
36420,6637.230785995722
36430,6374.313822984695
36440,6696.97726598382
36450,7000.131158977747
36460,7301.503145009279
36470,6990.031587004662
36480,7091.838391005993
36490,6557.2870849967
36500,6454.833510011435
36510,7246.7275159955025
36520,6929.142343014479
36530,6751.83606299758
36540,6683.191554009914
36550,6739.502626001835
36560,6603.513918995857
36570,6723.500161021948
36580,7211.733016997576
36590,6778.743115007877
36600,7239.80329400301
36610,6826.269273996353
36620,6610.239654004574
36630,6531.343531996012
36640,6507.202684015036
36650,6637.227827012539
36660,7306.765908002853
36670,6531.874210000038
36680,6528.762479007244
36690,7084.1017110049725
36700,6699.536850005388
36710,6611.686887025833
36720,7177.307943999767
36730,6677.021058022976
36740,7223.4539059996605
36750,6685.091205984354
36760,7229.787618994713
36770,7058.212975025177
36780,6687.5761269927025
36790,7157.594227015972
36800,7056.978798002005
36810,6762.149131000042
36820,6738.7875099778175
36830,6682.207101017237
36840,6750.478686988354
36850,6687.642643004656
36860,6766.330527991056
36870,6623.468171000481
36880,6753.520587980747
36890,6759.349348008633
36900,6690.343532979488
36910,6608.159595996141
36920,6677.947488993406
36930,6674.845833986998
36940,6828.216050982475
36950,6485.493027001619
36960,6824.955888003111
36970,6861.963023006916
36980,6529.262308984995
36990,6456.607338011265
37000,6694.799351990223
37010,6681.192849993706
37020,6683.623804003
37030,6728.739959985018
37040,7363.571395009756
37050,6602.49352902174
37060,6821.801919996738
37070,6714.655353993177
37080,6932.853368014097
37090,6683.31767898798
37100,6770.885063022375
37110,6380.320663005114
37120,6759.387501001358
37130,6687.386045008898
37140,6831.050093024969
37150,6682.578222990036
37160,6685.427714973688
37170,6774.450818002224
37180,6694.415244013071
37190,6777.834362000227
37200,6761.0329239964485
37210,6631.078139990568
37220,6777.744485974312
37230,6624.1701129972935
37240,6682.919183015823
37250,6682.937619000673
37260,6694.5984010100365
37270,6757.08017000556
37280,6679.970903009176
37290,6790.033353000879
37300,6625.488113999367
37310,6612.532362997532
37320,6755.397010982037
37330,6683.498941987753
37340,6826.834724992514
37350,6775.925086021423
37360,6600.444857001305
37370,6613.529009997845
37380,6599.155649989843
37390,6717.383900016546
37400,6745.588076978922
37410,6673.158963978291
37420,6884.231608003378
37430,6774.386452019215
37440,6688.168222010136
37450,7074.837610006332
37460,6778.447327017784
37470,6742.266506999731
37480,6689.518788009882
37490,6594.872426003218
37500,6756.558389008045
37510,6524.368284016848
37520,6673.6484479904175
37530,6777.192135006189
37540,6757.72558298707
37550,6765.935534000397
37560,6759.963477998972
37570,6692.449004024267
37580,6752.28377199173
37590,6686.106653004885
37600,6714.041098028421
37610,6670.3521820008755
37620,6654.8691219985485
37630,6761.252934008837
37640,6612.590312987566
37650,6601.762948989868
37660,6666.874688982964
37670,6523.346051007509
37680,6659.268397986889
37690,6755.045831978321
37700,6752.972148984671
37710,6690.388104021549
37720,6830.408654004335
37730,6902.713862001896
37740,6524.103338986635
37750,6658.703372001648
37760,6529.648005992174
37770,6754.070989996195
37780,6767.530908972025
37790,6693.412670016289
37800,6532.9964209795
37810,6681.919820010662
37820,6837.051499009132
37830,6601.568257987499
37840,6612.898395001888
37850,6754.184229016304
37860,6606.158497989178
37870,6808.839500010014
37880,6755.561675995588
37890,6735.4223819971085
37900,6677.373291999102
37910,6823.287215977907
37920,6676.208119004965
37930,6684.141656011343
37940,6734.236472994089
37950,6771.323199003935
37960,6682.271311998367
37970,6528.403753012419
37980,6674.253504991531
37990,6601.531558007002
38000,6753.194004029036
38010,6765.850023984909
38020,6626.713910996914
38030,6534.459451019764
38040,6683.447569996119
38050,6767.80459600687
38060,6714.593297988176
38070,6618.057029008865
38080,6621.094273000956
38090,6739.712854981422
38100,6597.073538988829
38110,6768.529886007309
38120,6528.86005499959
38130,6911.714765012264
38140,6672.814588010311
38150,6686.338366001844
38160,6753.067925006151
38170,6874.299665004015
38180,6761.970126986504
38190,6703.707729995251
38200,6755.554984003305
38210,6696.413712978363
38220,6834.85000500083
38230,6762.552870005369
38240,6770.98517999053
38250,6758.235749006271
38260,6598.3581709861755
38270,6535.943165004253
38280,6607.979934006929
38290,6659.01711499691
38300,6833.314823001623
38310,6782.381949990988
38320,6687.725457012653
38330,6719.213542997837
38340,6845.824128985405
38350,6530.697358012199
38360,6707.271274983883
38370,6748.210808992386
38380,6718.608287990093
38390,6679.785472005606
38400,6699.600562006235
38410,6619.5790830254555
38420,6688.387551009655
38430,6712.613710999489
38440,6685.733902007341
38450,6607.351924985647
38460,6746.370690017939
38470,6675.133261978626
38480,6672.827206015587
38490,6772.966753005981
38500,6756.461038023233
38510,6678.759507983923
38520,6678.403364002705
38530,6912.820087999105
38540,6747.778369992971
38550,6689.107172995806
38560,6456.532382011414
38570,6724.416103988886
38580,6682.925676018
38590,6673.789256006479
38600,6753.980479001999
38610,6816.746776998043
38620,6669.9550850093365
38630,6668.0745159983635
38640,6745.105231016874
38650,6608.388665020466
38660,6688.490883976221
38670,6682.884945988655
38680,6691.819712013006
38690,6849.594937980175
38700,6607.919409006834
38710,6661.471575975418
38720,6678.432363003492
38730,6808.71190699935
38740,6696.415917009115
38750,6684.6977179944515
38760,6678.028845995665
38770,6619.936598002911
38780,6681.015668004751
38790,6821.978453993797
38800,6529.266371995211
38810,6676.810685992241
38820,6678.385071992874
38830,6755.696653008461
38840,6770.358134001493
38850,6685.422012984753
38860,6648.416155993938
38870,6602.854737013578
38880,6600.009119004011
38890,6709.864591002464
38900,6752.654969006777
38910,6613.398761987686
38920,6607.641377002001
38930,6595.803160995245
38940,6667.6143479943275
38950,6686.569240987301
38960,6764.448363006115
38970,6678.278983026743
38980,6676.792448014021
38990,6822.86118799448
39000,6769.292282998562
39010,6798.632265985012
39020,6668.811877012253
39030,6777.175621986389
39040,6961.8092640042305
39050,6683.388437002897
39060,6675.058415025473
